MFEM mesh v1.0

#
# MFEM Geometry Types (see mesh/geom.hpp):
#
# POINT       = 0
# SEGMENT     = 1
# TRIANGLE    = 2
# SQUARE      = 3
# TETRAHEDRON = 4
# CUBE        = 5
# PRISM       = 6
#

dimension
2

elements
185
1 3 23 22 24 25
1 3 25 24 26 27
1 3 24 28 29 26
1 3 22 21 28 24
1 3 21 30 31 28
1 3 28 31 32 29
1 3 31 33 34 32
1 3 30 35 33 31
1 3 36 37 35 30
1 3 20 36 30 21
1 3 19 18 36 20
1 3 18 17 37 36
1 3 17 38 39 37
1 3 38 40 41 39
1 3 39 41 42 43
1 3 37 39 43 35
1 3 35 43 44 33
1 3 33 44 45 34
1 3 44 46 47 45
1 3 43 42 46 44
1 3 42 48 49 46
1 3 46 49 50 47
1 3 49 51 52 50
1 3 48 53 51 49
1 3 54 55 53 48
1 3 41 54 48 42
1 3 40 56 54 41
1 3 56 57 55 54
1 3 58 59 57 56
1 3 60 61 59 58
1 3 62 60 58 63
1 3 63 58 56 40
1 3 64 63 40 38
1 3 16 64 38 17
1 3 15 65 64 16
1 3 65 62 63 64
1 3 66 67 62 65
1 3 14 66 65 15
1 3 13 12 66 14
1 3 12 11 67 66
1 3 11 10 68 67
1 3 67 68 60 62
1 3 68 69 61 60
1 3 10 9 69 68
1 3 9 8 70 69
1 3 8 7 71 70
1 3 70 71 72 73
1 3 69 70 73 61
1 3 61 73 74 59
1 3 59 74 75 57
1 3 74 76 77 75
1 3 73 72 76 74
1 3 72 78 79 76
1 3 76 79 80 77
1 3 79 81 82 80
1 3 78 83 81 79
1 3 84 85 83 78
1 3 71 84 78 72
1 3 7 6 84 71
1 3 6 5 85 84
1 3 5 4 86 85
1 3 85 86 87 83
1 3 86 88 89 87
1 3 4 3 88 86
1 3 3 2 90 88
1 3 2 0 91 90
1 3 90 91 92 93
1 3 88 90 93 89
1 3 89 93 94 95
1 3 93 92 96 94
1 3 94 96 97 98
1 3 95 94 98 99
1 3 100 95 99 101
1 3 87 89 95 100
1 3 83 87 100 81
1 3 81 100 101 82
1 3 82 99 102 103
1 3 99 98 104 105
1 3 98 97 106 104
1 3 104 106 107 108
1 3 105 104 108 102
1 3 102 108 109 110
1 3 108 107 111 109
1 3 109 111 112 113
1 3 110 109 113 114
1 3 115 110 114 116
1 3 117 102 110 115
1 3 103 117 115 118
1 3 118 115 116 119
1 3 120 118 119 121
1 3 122 120 121 123
1 3 124 125 120 122
1 3 125 103 118 120
1 3 126 127 103 125
1 3 80 82 127 126
1 3 77 80 126 128
1 3 128 126 125 124
1 3 129 128 124 130
1 3 75 77 128 129
1 3 57 75 129 55
1 3 55 129 130 53
1 3 53 130 131 51
1 3 130 124 122 131
1 3 131 122 123 132
1 3 51 131 132 52
1 3 52 132 133 134
1 3 132 123 135 133
1 3 133 135 136 137
1 3 134 133 137 138
1 3 138 137 139 140
1 3 140 139 141 142
1 3 139 143 144 141
1 3 137 136 143 139
1 3 136 145 146 143
1 3 143 146 147 144
1 3 146 148 149 147
1 3 145 150 148 146
1 3 151 152 150 145
1 3 135 151 145 136
1 3 123 121 151 135
1 3 121 119 152 151
1 3 119 116 153 152
1 3 152 153 154 150
1 3 153 155 156 154
1 3 116 114 155 153
1 3 114 113 157 155
1 3 113 112 158 157
1 3 157 158 159 160
1 3 155 157 160 156
1 3 156 160 161 162
1 3 160 159 163 161
1 3 161 163 164 165
1 3 162 161 165 166
1 3 167 162 166 168
1 3 154 156 162 167
1 3 150 154 167 148
1 3 148 167 168 149
1 3 149 168 169 170
1 3 170 169 171 172
1 3 169 173 174 171
1 3 168 166 173 169
1 3 166 165 175 173
1 3 165 164 176 175
1 3 175 176 177 178
1 3 173 175 178 174
1 3 174 178 179 180
1 3 178 177 181 179
1 3 179 181 1 182
1 3 180 179 182 183
1 3 184 180 183 185
1 3 171 174 180 184
1 3 172 171 184 186
1 3 186 184 185 187
1 3 188 186 187 189
1 3 190 188 189 191
1 3 192 193 188 190
1 3 193 172 186 188
1 3 194 170 172 193
1 3 147 149 170 194
1 3 144 147 194 195
1 3 195 194 193 192
1 3 196 195 192 197
1 3 141 144 195 196
1 3 142 141 196 198
1 3 198 196 197 199
1 3 199 197 200 201
1 3 197 192 190 200
1 3 200 190 191 202
1 3 201 200 202 203
1 3 204 201 203 205
1 3 206 199 201 204
1 3 207 206 204 208
1 3 208 204 205 209
1 3 210 208 209 211
1 3 212 210 211 213
1 3 214 215 210 212
1 3 215 207 208 210
1 3 216 217 207 215
1 3 218 216 215 214
1 3 219 220 216 218
1 3 220 221 217 216
1 3 221 222 223 217
1 3 217 223 206 207
1 3 223 198 199 206
1 3 222 142 198 223

boundary
72
7 1 23 22
7 1 25 23
7 1 26 27
7 1 27 25
7 1 29 26
7 1 22 21
7 1 32 29
7 1 34 32
7 1 21 20
7 1 19 18
7 1 20 19
7 1 18 17
7 1 45 34
7 1 47 45
7 1 50 47
7 1 52 50
7 1 17 16
7 1 16 15
7 1 15 14
7 1 13 12
7 1 14 13
7 1 12 11
7 1 11 10
7 1 10 9
7 1 9 8
7 1 8 7
7 1 7 6
7 1 6 5
7 1 5 4
7 1 4 3
7 1 3 2
7 1 2 0
7 1 0 91
7 1 91 92
7 1 92 96
7 1 96 97
7 1 97 106
7 1 106 107
7 1 107 111
7 1 111 112
7 1 134 52
7 1 138 134
7 1 140 138
7 1 142 140
7 1 112 158
7 1 158 159
7 1 159 163
7 1 163 164
7 1 164 176
7 1 176 177
7 1 177 181
7 1 181 1
7 1 1 182
7 1 182 183
7 1 183 185
7 1 185 187
7 1 187 189
7 1 189 191
7 1 191 202
7 1 202 203
7 1 203 205
7 1 205 209
7 1 209 211
7 1 211 213
7 1 213 212
7 1 212 214
7 1 214 218
7 1 219 220
7 1 218 219
7 1 220 221
7 1 221 222
7 1 222 142

vertices
224
2
0.5 0.25
0.5 0.5
0.484375 0.25
0.46875 0.25
0.453125 0.25
0.4375 0.25
0.421875 0.25
0.40625 0.25
0.390625 0.25
0.375 0.25
0.359375 0.25
0.34375 0.25
0.328125 0.25
0.3125 0.25
0.3125 0.265625
0.3125 0.28125
0.3125 0.296875
0.3125 0.3125
0.296875 0.3125
0.28125 0.3125
0.28125 0.328125
0.28125 0.34375
0.265625 0.34375
0.25 0.34375
0.265625 0.359375
0.25 0.359375
0.265625 0.375
0.25 0.375
0.28125 0.359375
0.28125 0.375
0.296875 0.34375
0.296875 0.359375
0.296875 0.375
0.3125 0.359375
0.3125 0.375
0.3125 0.34375
0.296875 0.328125
0.3125 0.328125
0.328125 0.3125
0.328125 0.328125
0.34375 0.3125
0.34375 0.328125
0.34375 0.34375
0.328125 0.34375
0.328125 0.359375
0.328125 0.375
0.34375 0.359375
0.34375 0.375
0.359375 0.34375
0.359375 0.359375
0.359375 0.375
0.375 0.359375
0.375 0.375
0.375 0.34375
0.359375 0.328125
0.375 0.328125
0.359375 0.3125
0.375 0.3125
0.359375 0.296875
0.375 0.296875
0.359375 0.28125
0.375 0.28125
0.34375 0.28125
0.34375 0.296875
0.328125 0.296875
0.328125 0.28125
0.328125 0.265625
0.34375 0.265625
0.359375 0.265625
0.375 0.265625
0.390625 0.265625
0.40625 0.265625
0.40625 0.28125
0.390625 0.28125
0.390625 0.296875
0.390625 0.3125
0.40625 0.296875
0.40625 0.3125
0.421875 0.28125
0.421875 0.296875
0.421875 0.3125
0.4375 0.296875
0.4375 0.3125
0.4375 0.28125
0.421875 0.265625
0.4375 0.265625
0.453125 0.265625
0.453125 0.28125
0.46875 0.265625
0.46875 0.28125
0.484375 0.265625
0.5 0.265625
0.5 0.28125
0.484375 0.28125
0.484375 0.296875
0.46875 0.296875
0.5 0.296875
0.5 0.3125
0.484375 0.3125
0.46875 0.3125
0.453125 0.296875
0.453125 0.3125
0.46875 0.34375
0.4375 0.34375
0.484375 0.328125
0.46875 0.328125
0.5 0.328125
0.5 0.34375
0.484375 0.34375
0.484375 0.359375
0.46875 0.359375
0.5 0.359375
0.5 0.375
0.484375 0.375
0.46875 0.375
0.453125 0.359375
0.453125 0.375
0.453125 0.34375
0.4375 0.359375
0.4375 0.375
0.421875 0.359375
0.421875 0.375
0.40625 0.359375
0.40625 0.375
0.40625 0.34375
0.421875 0.34375
0.421875 0.328125
0.4375 0.328125
0.40625 0.328125
0.390625 0.328125
0.390625 0.34375
0.390625 0.359375
0.390625 0.375
0.390625 0.390625
0.375 0.390625
0.40625 0.390625
0.40625 0.40625
0.390625 0.40625
0.375 0.40625
0.390625 0.421875
0.375 0.421875
0.390625 0.4375
0.375 0.4375
0.40625 0.421875
0.40625 0.4375
0.421875 0.40625
0.421875 0.421875
0.421875 0.4375
0.4375 0.421875
0.4375 0.4375
0.4375 0.40625
0.421875 0.390625
0.4375 0.390625
0.453125 0.390625
0.453125 0.40625
0.46875 0.390625
0.46875 0.40625
0.484375 0.390625
0.5 0.390625
0.5 0.40625
0.484375 0.40625
0.484375 0.421875
0.46875 0.421875
0.5 0.421875
0.5 0.4375
0.484375 0.4375
0.46875 0.4375
0.453125 0.421875
0.453125 0.4375
0.453125 0.453125
0.4375 0.453125
0.453125 0.46875
0.4375 0.46875
0.46875 0.453125
0.46875 0.46875
0.484375 0.453125
0.5 0.453125
0.5 0.46875
0.484375 0.46875
0.484375 0.484375
0.46875 0.484375
0.5 0.484375
0.484375 0.5
0.46875 0.5
0.453125 0.484375
0.453125 0.5
0.4375 0.484375
0.4375 0.5
0.421875 0.484375
0.421875 0.5
0.40625 0.484375
0.40625 0.5
0.40625 0.46875
0.421875 0.46875
0.421875 0.453125
0.40625 0.453125
0.390625 0.453125
0.390625 0.46875
0.375 0.453125
0.375 0.46875
0.390625 0.484375
0.375 0.484375
0.390625 0.5
0.375 0.5
0.359375 0.484375
0.359375 0.5
0.359375 0.46875
0.34375 0.46875
0.34375 0.484375
0.34375 0.5
0.328125 0.484375
0.328125 0.5
0.3125 0.484375
0.3125 0.5
0.3125 0.46875
0.328125 0.46875
0.328125 0.453125
0.34375 0.453125
0.3125 0.453125
0.3125 0.4375
0.328125 0.4375
0.34375 0.4375
0.359375 0.4375
0.359375 0.453125
