MFEM mesh v1.0

#
# MFEM Geometry Types (see mesh/geom.hpp):
#
# POINT       = 0
# SEGMENT     = 1
# TRIANGLE    = 2
# SQUARE      = 3
# TETRAHEDRON = 4
# CUBE        = 5
# PRISM       = 6
#

dimension
2

elements
256
1 3 0 18 19 20
1 3 20 19 21 22
1 3 19 23 24 21
1 3 18 17 23 19
1 3 17 16 25 23
1 3 16 15 26 25
1 3 25 26 27 28
1 3 23 25 28 24
1 3 24 28 29 30
1 3 28 27 31 29
1 3 29 31 32 33
1 3 30 29 33 34
1 3 35 30 34 36
1 3 21 24 30 35
1 3 22 21 35 37
1 3 37 35 36 38
1 3 38 36 39 40
1 3 36 34 41 39
1 3 39 41 42 43
1 3 40 39 43 44
1 3 44 43 45 46
1 3 46 45 47 48
1 3 45 49 50 47
1 3 43 42 49 45
1 3 42 51 52 49
1 3 49 52 53 50
1 3 52 54 55 53
1 3 51 56 54 52
1 3 57 58 56 51
1 3 41 57 51 42
1 3 34 33 57 41
1 3 33 32 58 57
1 3 32 59 60 58
1 3 59 61 62 60
1 3 60 62 63 64
1 3 58 60 64 56
1 3 56 64 65 54
1 3 54 65 66 55
1 3 65 67 68 66
1 3 64 63 67 65
1 3 63 69 70 67
1 3 67 70 71 68
1 3 70 72 73 71
1 3 69 74 72 70
1 3 75 76 74 69
1 3 62 75 69 63
1 3 61 77 75 62
1 3 77 78 76 75
1 3 79 80 78 77
1 3 81 82 80 79
1 3 83 81 79 84
1 3 84 79 77 61
1 3 85 84 61 59
1 3 31 85 59 32
1 3 27 86 85 31
1 3 86 83 84 85
1 3 87 88 83 86
1 3 26 87 86 27
1 3 15 14 87 26
1 3 14 13 88 87
1 3 13 12 89 88
1 3 88 89 81 83
1 3 89 90 82 81
1 3 12 11 90 89
1 3 11 10 91 90
1 3 10 9 92 91
1 3 91 92 93 94
1 3 90 91 94 82
1 3 82 94 95 80
1 3 80 95 96 78
1 3 95 97 98 96
1 3 94 93 97 95
1 3 93 99 100 97
1 3 97 100 101 98
1 3 100 102 103 101
1 3 99 104 102 100
1 3 105 106 104 99
1 3 92 105 99 93
1 3 9 8 105 92
1 3 8 7 106 105
1 3 7 6 107 106
1 3 106 107 108 104
1 3 107 109 110 108
1 3 6 5 109 107
1 3 5 4 111 109
1 3 4 1 112 111
1 3 111 112 113 114
1 3 109 111 114 110
1 3 110 114 115 116
1 3 114 113 117 115
1 3 115 117 118 119
1 3 116 115 119 120
1 3 121 116 120 122
1 3 108 110 116 121
1 3 104 108 121 102
1 3 102 121 122 103
1 3 103 122 123 124
1 3 124 123 125 126
1 3 123 127 128 125
1 3 122 120 127 123
1 3 120 119 129 127
1 3 119 118 130 129
1 3 129 130 131 132
1 3 127 129 132 128
1 3 128 132 133 134
1 3 132 131 135 133
1 3 133 135 136 137
1 3 134 133 137 138
1 3 139 134 138 140
1 3 125 128 134 139
1 3 126 125 139 141
1 3 141 139 140 142
1 3 143 141 142 144
1 3 145 143 144 146
1 3 147 148 143 145
1 3 148 126 141 143
1 3 149 124 126 148
1 3 101 103 124 149
1 3 98 101 149 150
1 3 150 149 148 147
1 3 151 150 147 152
1 3 96 98 150 151
1 3 78 96 151 76
1 3 76 151 152 74
1 3 74 152 153 72
1 3 152 147 145 153
1 3 153 145 146 154
1 3 72 153 154 73
1 3 73 154 155 156
1 3 154 146 157 155
1 3 155 157 158 159
1 3 156 155 159 160
1 3 160 159 161 162
1 3 162 161 163 164
1 3 161 165 166 163
1 3 159 158 165 161
1 3 158 167 168 165
1 3 165 168 169 166
1 3 168 170 171 169
1 3 167 172 170 168
1 3 173 174 172 167
1 3 157 173 167 158
1 3 146 144 173 157
1 3 144 142 174 173
1 3 142 140 175 174
1 3 174 175 176 172
1 3 175 177 178 176
1 3 140 138 177 175
1 3 138 137 179 177
1 3 137 136 180 179
1 3 179 180 181 182
1 3 177 179 182 178
1 3 178 182 183 184
1 3 182 181 185 183
1 3 183 185 186 187
1 3 184 183 187 188
1 3 189 184 188 190
1 3 176 178 184 189
1 3 172 176 189 170
1 3 170 189 190 171
1 3 171 190 191 192
1 3 192 191 193 194
1 3 191 195 196 193
1 3 190 188 195 191
1 3 188 187 197 195
1 3 187 186 198 197
1 3 197 198 199 200
1 3 195 197 200 196
1 3 196 200 201 202
1 3 200 199 203 201
1 3 201 203 3 204
1 3 202 201 204 205
1 3 206 202 205 207
1 3 193 196 202 206
1 3 194 193 206 208
1 3 208 206 207 209
1 3 210 208 209 211
1 3 212 210 211 213
1 3 214 215 210 212
1 3 215 194 208 210
1 3 216 192 194 215
1 3 169 171 192 216
1 3 166 169 216 217
1 3 217 216 215 214
1 3 218 217 214 219
1 3 163 166 217 218
1 3 164 163 218 220
1 3 220 218 219 221
1 3 221 219 222 223
1 3 219 214 212 222
1 3 222 212 213 224
1 3 223 222 224 225
1 3 226 223 225 227
1 3 228 221 223 226
1 3 229 228 226 230
1 3 230 226 227 231
1 3 232 230 231 233
1 3 234 232 233 235
1 3 236 237 232 234
1 3 237 229 230 232
1 3 238 239 229 237
1 3 240 238 237 236
1 3 241 242 238 240
1 3 242 243 239 238
1 3 243 244 245 239
1 3 239 245 228 229
1 3 245 220 221 228
1 3 244 164 220 245
1 3 246 162 164 244
1 3 247 246 244 243
1 3 248 249 246 247
1 3 249 160 162 246
1 3 250 156 160 249
1 3 71 73 156 250
1 3 68 71 250 251
1 3 251 250 249 248
1 3 252 251 248 253
1 3 66 68 251 252
1 3 55 66 252 254
1 3 254 252 253 255
1 3 255 253 256 257
1 3 253 248 247 256
1 3 256 247 243 242
1 3 257 256 242 241
1 3 258 257 241 259
1 3 260 258 259 261
1 3 262 263 258 260
1 3 263 255 257 258
1 3 264 254 255 263
1 3 53 55 254 264
1 3 50 53 264 265
1 3 265 264 263 262
1 3 266 265 262 267
1 3 47 50 265 266
1 3 48 47 266 268
1 3 268 266 267 269
1 3 269 267 270 271
1 3 267 262 260 270
1 3 270 260 261 272
1 3 271 270 272 273
1 3 273 272 274 275
1 3 275 274 276 277
1 3 274 278 279 276
1 3 272 261 278 274
1 3 261 259 280 278
1 3 259 241 240 280
1 3 280 240 236 281
1 3 278 280 281 279
1 3 279 281 282 283
1 3 281 236 234 282
1 3 282 234 235 284
1 3 283 282 284 285
1 3 286 283 285 287
1 3 276 279 283 286
1 3 277 276 286 288
1 3 288 286 287 2

boundary
64
4 1 20 0
4 1 22 20
4 1 37 22
4 1 38 37
4 1 40 38
4 1 44 40
4 1 46 44
4 1 48 46
4 1 268 48
4 1 269 268
4 1 271 269
4 1 273 271
4 1 275 273
4 1 277 275
4 1 288 277
4 1 2 288
9 1 0 18
9 1 18 17
9 1 17 16
9 1 16 15
9 1 15 14
9 1 14 13
9 1 13 12
9 1 12 11
9 1 11 10
9 1 10 9
9 1 9 8
9 1 8 7
9 1 7 6
9 1 6 5
9 1 5 4
9 1 4 1
9 1 1 112
9 1 112 113
9 1 113 117
9 1 117 118
9 1 118 130
9 1 130 131
9 1 131 135
9 1 135 136
9 1 136 180
9 1 180 181
9 1 181 185
9 1 185 186
9 1 186 198
9 1 198 199
9 1 199 203
9 1 203 3
9 1 3 204
9 1 204 205
9 1 205 207
9 1 207 209
9 1 209 211
9 1 211 213
9 1 213 224
9 1 224 225
9 1 225 227
9 1 227 231
9 1 231 233
9 1 233 235
9 1 235 284
9 1 284 285
9 1 285 287
9 1 287 2

vertices
289
2
0 0.5
0.25 0.5
0 0.75
0.25 0.75
0.234375 0.5
0.21875 0.5
0.203125 0.5
0.1875 0.5
0.171875 0.5
0.15625 0.5
0.140625 0.5
0.125 0.5
0.109375 0.5
0.09375 0.5
0.078125 0.5
0.0625 0.5
0.046875 0.5
0.03125 0.5
0.015625 0.5
0.015625 0.515625
0 0.515625
0.015625 0.53125
0 0.53125
0.03125 0.515625
0.03125 0.53125
0.046875 0.515625
0.0625 0.515625
0.0625 0.53125
0.046875 0.53125
0.046875 0.546875
0.03125 0.546875
0.0625 0.546875
0.0625 0.5625
0.046875 0.5625
0.03125 0.5625
0.015625 0.546875
0.015625 0.5625
0 0.546875
0 0.5625
0.015625 0.578125
0 0.578125
0.03125 0.578125
0.03125 0.59375
0.015625 0.59375
0 0.59375
0.015625 0.609375
0 0.609375
0.015625 0.625
0 0.625
0.03125 0.609375
0.03125 0.625
0.046875 0.59375
0.046875 0.609375
0.046875 0.625
0.0625 0.609375
0.0625 0.625
0.0625 0.59375
0.046875 0.578125
0.0625 0.578125
0.078125 0.5625
0.078125 0.578125
0.09375 0.5625
0.09375 0.578125
0.09375 0.59375
0.078125 0.59375
0.078125 0.609375
0.078125 0.625
0.09375 0.609375
0.09375 0.625
0.109375 0.59375
0.109375 0.609375
0.109375 0.625
0.125 0.609375
0.125 0.625
0.125 0.59375
0.109375 0.578125
0.125 0.578125
0.109375 0.5625
0.125 0.5625
0.109375 0.546875
0.125 0.546875
0.109375 0.53125
0.125 0.53125
0.09375 0.53125
0.09375 0.546875
0.078125 0.546875
0.078125 0.53125
0.078125 0.515625
0.09375 0.515625
0.109375 0.515625
0.125 0.515625
0.140625 0.515625
0.15625 0.515625
0.15625 0.53125
0.140625 0.53125
0.140625 0.546875
0.140625 0.5625
0.15625 0.546875
0.15625 0.5625
0.171875 0.53125
0.171875 0.546875
0.171875 0.5625
0.1875 0.546875
0.1875 0.5625
0.1875 0.53125
0.171875 0.515625
0.1875 0.515625
0.203125 0.515625
0.203125 0.53125
0.21875 0.515625
0.21875 0.53125
0.234375 0.515625
0.25 0.515625
0.25 0.53125
0.234375 0.53125
0.234375 0.546875
0.21875 0.546875
0.25 0.546875
0.25 0.5625
0.234375 0.5625
0.21875 0.5625
0.203125 0.546875
0.203125 0.5625
0.203125 0.578125
0.1875 0.578125
0.203125 0.59375
0.1875 0.59375
0.21875 0.578125
0.21875 0.59375
0.234375 0.578125
0.25 0.578125
0.25 0.59375
0.234375 0.59375
0.234375 0.609375
0.21875 0.609375
0.25 0.609375
0.25 0.625
0.234375 0.625
0.21875 0.625
0.203125 0.609375
0.203125 0.625
0.1875 0.609375
0.1875 0.625
0.171875 0.609375
0.171875 0.625
0.15625 0.609375
0.15625 0.625
0.15625 0.59375
0.171875 0.59375
0.171875 0.578125
0.15625 0.578125
0.140625 0.578125
0.140625 0.59375
0.140625 0.609375
0.140625 0.625
0.140625 0.640625
0.125 0.640625
0.15625 0.640625
0.15625 0.65625
0.140625 0.65625
0.125 0.65625
0.140625 0.671875
0.125 0.671875
0.140625 0.6875
0.125 0.6875
0.15625 0.671875
0.15625 0.6875
0.171875 0.65625
0.171875 0.671875
0.171875 0.6875
0.1875 0.671875
0.1875 0.6875
0.1875 0.65625
0.171875 0.640625
0.1875 0.640625
0.203125 0.640625
0.203125 0.65625
0.21875 0.640625
0.21875 0.65625
0.234375 0.640625
0.25 0.640625
0.25 0.65625
0.234375 0.65625
0.234375 0.671875
0.21875 0.671875
0.25 0.671875
0.25 0.6875
0.234375 0.6875
0.21875 0.6875
0.203125 0.671875
0.203125 0.6875
0.203125 0.703125
0.1875 0.703125
0.203125 0.71875
0.1875 0.71875
0.21875 0.703125
0.21875 0.71875
0.234375 0.703125
0.25 0.703125
0.25 0.71875
0.234375 0.71875
0.234375 0.734375
0.21875 0.734375
0.25 0.734375
0.234375 0.75
0.21875 0.75
0.203125 0.734375
0.203125 0.75
0.1875 0.734375
0.1875 0.75
0.171875 0.734375
0.171875 0.75
0.15625 0.734375
0.15625 0.75
0.15625 0.71875
0.171875 0.71875
0.171875 0.703125
0.15625 0.703125
0.140625 0.703125
0.140625 0.71875
0.125 0.703125
0.125 0.71875
0.140625 0.734375
0.125 0.734375
0.140625 0.75
0.125 0.75
0.109375 0.734375
0.109375 0.75
0.109375 0.71875
0.09375 0.71875
0.09375 0.734375
0.09375 0.75
0.078125 0.734375
0.078125 0.75
0.0625 0.734375
0.0625 0.75
0.0625 0.71875
0.078125 0.71875
0.078125 0.703125
0.09375 0.703125
0.0625 0.703125
0.0625 0.6875
0.078125 0.6875
0.09375 0.6875
0.109375 0.6875
0.109375 0.703125
0.109375 0.671875
0.09375 0.671875
0.09375 0.65625
0.109375 0.65625
0.109375 0.640625
0.09375 0.640625
0.078125 0.640625
0.078125 0.65625
0.0625 0.640625
0.0625 0.65625
0.078125 0.671875
0.0625 0.671875
0.046875 0.671875
0.046875 0.6875
0.03125 0.671875
0.03125 0.6875
0.03125 0.65625
0.046875 0.65625
0.046875 0.640625
0.03125 0.640625
0.015625 0.640625
0.015625 0.65625
0 0.640625
0 0.65625
0.015625 0.671875
0 0.671875
0.015625 0.6875
0 0.6875
0.015625 0.703125
0 0.703125
0.015625 0.71875
0 0.71875
0.03125 0.703125
0.03125 0.71875
0.046875 0.703125
0.046875 0.71875
0.046875 0.734375
0.03125 0.734375
0.046875 0.75
0.03125 0.75
0.015625 0.734375
0.015625 0.75
0 0.734375
