MFEM mesh v1.0

#
# MFEM Geometry Types (see mesh/geom.hpp):
#
# POINT       = 0
# SEGMENT     = 1
# TRIANGLE    = 2
# SQUARE      = 3
# TETRAHEDRON = 4
# CUBE        = 5
# PRISM       = 6
#

dimension
2

elements
197
1 3 37 38 42 35
1 3 35 42 43 36
1 3 36 43 44 45
1 3 45 44 46 47
1 3 44 48 49 46
1 3 43 41 48 44
1 3 41 40 50 48
1 3 40 39 51 50
1 3 50 51 52 53
1 3 48 50 53 49
1 3 49 53 54 55
1 3 53 52 56 54
1 3 54 56 1 57
1 3 55 54 57 58
1 3 59 55 58 60
1 3 46 49 55 59
1 3 47 46 59 61
1 3 61 59 60 62
1 3 63 61 62 64
1 3 65 63 64 66
1 3 67 68 63 65
1 3 68 47 61 63
1 3 69 45 47 68
1 3 34 36 45 69
1 3 33 34 69 70
1 3 70 69 68 67
1 3 71 70 67 72
1 3 31 33 70 71
1 3 32 31 71 73
1 3 73 71 72 74
1 3 74 72 75 76
1 3 72 67 65 75
1 3 75 65 66 77
1 3 76 75 77 78
1 3 79 80 78 81
1 3 82 79 81 83
1 3 84 85 79 82
1 3 85 76 80 79
1 3 86 74 76 84
1 3 87 86 84 88
1 3 88 84 83 89
1 3 90 88 89 91
1 3 92 90 91 93
1 3 94 95 90 92
1 3 95 87 88 90
1 3 96 97 87 95
1 3 98 96 95 94
1 3 99 100 96 98
1 3 100 101 97 96
1 3 101 102 103 97
1 3 97 103 86 87
1 3 103 73 74 86
1 3 102 32 73 103
1 3 104 30 32 102
1 3 105 104 102 101
1 3 106 107 104 105
1 3 107 29 30 104
1 3 108 28 29 107
1 3 26 27 28 108
1 3 25 26 108 109
1 3 109 108 107 106
1 3 110 109 106 111
1 3 24 25 109 110
1 3 23 24 110 112
1 3 112 110 111 113
1 3 113 111 114 115
1 3 111 106 105 114
1 3 114 105 101 100
1 3 115 114 100 99
1 3 116 115 99 117
1 3 118 116 117 119
1 3 120 121 116 118
1 3 121 113 115 116
1 3 122 112 113 121
1 3 22 23 112 122
1 3 21 22 122 123
1 3 123 122 121 120
1 3 124 123 120 125
1 3 20 21 123 124
1 3 19 20 124 18
1 3 18 124 125 17
1 3 17 125 126 16
1 3 125 120 118 126
1 3 126 118 119 127
1 3 16 126 127 15
1 3 15 127 128 14
1 3 14 128 129 13
1 3 128 130 131 129
1 3 127 119 130 128
1 3 119 117 132 130
1 3 117 99 98 132
1 3 132 98 94 133
1 3 130 132 133 131
1 3 131 133 134 135
1 3 133 94 92 134
1 3 134 92 93 136
1 3 135 134 136 137
1 3 138 135 137 139
1 3 129 131 135 138
1 3 13 129 138 12
1 3 12 138 139 0
1 3 0 139 140 11
1 3 139 137 141 140
1 3 140 141 142 143
1 3 11 140 143 10
1 3 10 142 144 9
1 3 142 145 146 144
1 3 147 148 145 149
1 3 141 147 149 142
1 3 137 136 147 141
1 3 136 93 148 147
1 3 93 89 150 145
1 3 89 83 151 152
1 3 83 78 153 151
1 3 151 153 154 155
1 3 152 151 155 150
1 3 150 155 156 157
1 3 155 154 158 156
1 3 156 158 159 160
1 3 157 156 160 161
1 3 145 150 161 146
1 3 146 161 162 163
1 3 161 159 164 162
1 3 162 165 166 167
1 3 165 164 168 166
1 3 166 168 169 170
1 3 167 166 170 171
1 3 163 162 171 172
1 3 173 163 172 174
1 3 144 146 163 173
1 3 9 144 173 8
1 3 8 173 174 7
1 3 7 174 175 6
1 3 174 172 176 175
1 3 175 176 177 178
1 3 6 175 178 5
1 3 5 178 179 4
1 3 4 179 180 2
1 3 179 181 182 180
1 3 178 177 181 179
1 3 177 183 184 181
1 3 181 184 185 182
1 3 184 186 187 185
1 3 183 188 186 184
1 3 189 190 188 183
1 3 176 189 183 177
1 3 172 171 189 176
1 3 171 170 191 192
1 3 192 191 193 189
1 3 191 194 190 193
1 3 170 169 194 191
1 3 169 195 196 194
1 3 194 196 197 190
1 3 196 198 199 197
1 3 195 200 198 196
1 3 200 201 202 198
1 3 201 203 204 202
1 3 202 204 205 206
1 3 198 202 206 199
1 3 199 206 207 208
1 3 206 205 209 207
1 3 207 209 210 211
1 3 208 207 211 212
1 3 190 199 212 188
1 3 188 212 213 186
1 3 186 213 214 187
1 3 213 215 216 214
1 3 212 210 215 213
1 3 210 217 218 215
1 3 215 218 219 216
1 3 218 220 3 219
1 3 217 221 220 218
1 3 222 223 221 217
1 3 205 222 217 210
1 3 224 225 222 226
1 3 204 224 226 205
1 3 203 227 224 204
1 3 227 228 225 224
1 3 228 229 223 222
1 3 230 231 229 232
1 3 233 230 232 228
1 3 234 235 230 233
1 3 235 236 231 230
1 3 237 238 236 235
1 3 239 240 238 237
1 3 241 239 237 242
1 3 242 243 244 245
1 3 243 237 246 244
1 3 244 246 235 247
1 3 245 244 247 234
1 3 248 242 234 249
1 3 250 241 242 248
1 3 251 250 248 252
1 3 252 248 249 253
1 3 253 249 254 255
1 3 249 234 233 254
1 3 254 233 228 227

boundary
90
3 1 180 2
3 1 182 180
3 1 185 182
3 1 187 185
3 1 214 187
3 1 216 214
3 1 219 216
3 1 3 219
14 1 37 38
14 1 38 42
14 1 35 37
14 1 42 43
14 1 36 35
14 1 43 41
14 1 41 40
14 1 40 39
14 1 39 51
14 1 51 52
14 1 52 56
14 1 56 1
14 1 1 57
14 1 57 58
14 1 58 60
14 1 60 62
14 1 62 64
14 1 64 66
14 1 34 36
14 1 33 34
14 1 31 33
14 1 32 31
14 1 66 77
14 1 77 78
14 1 30 32
14 1 29 30
14 1 28 29
14 1 26 27
14 1 27 28
14 1 25 26
14 1 24 25
14 1 23 24
14 1 22 23
14 1 21 22
14 1 20 21
14 1 19 20
14 1 18 19
14 1 17 18
14 1 16 17
14 1 15 16
14 1 14 15
14 1 13 14
14 1 12 13
14 1 0 12
14 1 11 0
14 1 10 11
14 1 9 10
14 1 78 153
14 1 153 154
14 1 154 158
14 1 158 159
14 1 164 168
14 1 168 169
14 1 8 9
14 1 7 8
14 1 6 7
14 1 5 6
14 1 4 5
14 1 2 4
14 1 169 195
14 1 195 200
14 1 200 201
14 1 201 203
14 1 220 3
14 1 221 220
14 1 223 221
14 1 203 227
14 1 229 223
14 1 231 229
14 1 236 231
14 1 238 236
14 1 239 240
14 1 240 238
14 1 241 239
14 1 250 241
14 1 251 250
14 1 252 251
14 1 253 252
14 1 254 255
14 1 255 253
14 1 227 254
14 1 159 164

vertices
256
2
0.5 0.75
0.75 0.75
0.5 1
0.75 1
0.5 0.96875
0.5 0.9375
0.5 0.90625
0.5 0.875
0.5 0.84375
0.5 0.8125
0.5 0.78125
0.5 0.765625
0.5 0.734375
0.5 0.71875
0.5 0.703125
0.5 0.6875
0.5 0.671875
0.5 0.65625
0.5 0.640625
0.5 0.625
0.515625 0.625
0.53125 0.625
0.546875 0.625
0.5625 0.625
0.578125 0.625
0.59375 0.625
0.609375 0.625
0.625 0.625
0.625 0.640625
0.625 0.65625
0.625 0.671875
0.640625 0.6875
0.625 0.6875
0.65625 0.6875
0.671875 0.6875
0.6875 0.671875
0.6875 0.6875
0.6875 0.65625
0.703125 0.65625
0.75 0.6875
0.734375 0.6875
0.71875 0.6875
0.703125 0.671875
0.703125 0.6875
0.703125 0.703125
0.6875 0.703125
0.703125 0.71875
0.6875 0.71875
0.71875 0.703125
0.71875 0.71875
0.734375 0.703125
0.75 0.703125
0.75 0.71875
0.734375 0.71875
0.734375 0.734375
0.71875 0.734375
0.75 0.734375
0.734375 0.75
0.71875 0.75
0.703125 0.734375
0.703125 0.75
0.6875 0.734375
0.6875 0.75
0.671875 0.734375
0.671875 0.75
0.65625 0.734375
0.65625 0.75
0.65625 0.71875
0.671875 0.71875
0.671875 0.703125
0.65625 0.703125
0.640625 0.703125
0.640625 0.71875
0.625 0.703125
0.625 0.71875
0.640625 0.734375
0.625 0.734375
0.640625 0.75
0.625 0.75
0.6171875 0.7421875
0.625 0.7421875
0.6171875 0.75
0.609375 0.7421875
0.609375 0.75
0.609375 0.734375
0.6171875 0.734375
0.609375 0.71875
0.59375 0.71875
0.59375 0.734375
0.59375 0.75
0.578125 0.734375
0.578125 0.75
0.5625 0.734375
0.5625 0.75
0.5625 0.71875
0.578125 0.71875
0.578125 0.703125
0.59375 0.703125
0.5625 0.703125
0.5625 0.6875
0.578125 0.6875
0.59375 0.6875
0.609375 0.6875
0.609375 0.703125
0.609375 0.671875
0.59375 0.671875
0.59375 0.65625
0.609375 0.65625
0.609375 0.640625
0.59375 0.640625
0.578125 0.640625
0.578125 0.65625
0.5625 0.640625
0.5625 0.65625
0.578125 0.671875
0.5625 0.671875
0.546875 0.671875
0.546875 0.6875
0.53125 0.671875
0.53125 0.6875
0.53125 0.65625
0.546875 0.65625
0.546875 0.640625
0.53125 0.640625
0.515625 0.640625
0.515625 0.65625
0.515625 0.671875
0.515625 0.6875
0.515625 0.703125
0.515625 0.71875
0.53125 0.703125
0.53125 0.71875
0.546875 0.703125
0.546875 0.71875
0.546875 0.734375
0.53125 0.734375
0.546875 0.75
0.53125 0.75
0.515625 0.734375
0.515625 0.75
0.515625 0.765625
0.53125 0.765625
0.53125 0.78125
0.515625 0.78125
0.53125 0.8125
0.5625 0.78125
0.5625 0.8125
0.546875 0.765625
0.5625 0.765625
0.546875 0.78125
0.59375 0.78125
0.609375 0.765625
0.59375 0.765625
0.625 0.765625
0.625 0.78125
0.609375 0.78125
0.609375 0.796875
0.59375 0.796875
0.625 0.796875
0.625 0.8125
0.609375 0.8125
0.59375 0.8125
0.59375 0.84375
0.5625 0.84375
0.625 0.84375
0.609375 0.84375
0.609375 0.859375
0.59375 0.859375
0.625 0.859375
0.625 0.875
0.609375 0.875
0.59375 0.875
0.5625 0.875
0.53125 0.84375
0.53125 0.875
0.53125 0.90625
0.5625 0.90625
0.5625 0.9375
0.53125 0.9375
0.53125 0.96875
0.53125 1
0.5625 0.96875
0.5625 1
0.59375 0.9375
0.59375 0.96875
0.59375 1
0.625 0.96875
0.625 1
0.625 0.9375
0.59375 0.90625
0.625 0.90625
0.609375 0.890625
0.59375 0.890625
0.609375 0.90625
0.625 0.890625
0.640625 0.875
0.640625 0.890625
0.640625 0.90625
0.65625 0.890625
0.65625 0.90625
0.65625 0.875
0.671875 0.875
0.671875 0.890625
0.6875 0.875
0.6875 0.890625
0.6875 0.90625
0.671875 0.90625
0.671875 0.921875
0.65625 0.921875
0.6875 0.921875
0.6875 0.9375
0.671875 0.9375
0.65625 0.9375
0.65625 0.96875
0.65625 1
0.6875 0.96875
0.6875 1
0.71875 0.9375
0.71875 0.96875
0.71875 1
0.75 0.96875
0.75 0.9375
0.71875 0.90625
0.75 0.90625
0.703125 0.890625
0.71875 0.890625
0.703125 0.90625
0.703125 0.875
0.71875 0.875
0.75 0.875
0.734375 0.859375
0.75 0.859375
0.734375 0.875
0.71875 0.859375
0.71875 0.84375
0.734375 0.84375
0.75 0.84375
0.734375 0.828125
0.75 0.828125
0.734375 0.8125
0.75 0.8125
0.71875 0.8125
0.71875 0.828125
0.7265625 0.828125
0.7265625 0.8359375
0.71875 0.8359375
0.734375 0.8359375
0.7265625 0.84375
0.703125 0.828125
0.703125 0.84375
0.703125 0.8125
0.6875 0.8125
0.6875 0.828125
0.6875 0.84375
0.703125 0.859375
0.6875 0.859375
