MFEM mesh v1.0

#
# MFEM Geometry Types (see mesh/geom.hpp):
#
# POINT       = 0
# SEGMENT     = 1
# TRIANGLE    = 2
# SQUARE      = 3
# TETRAHEDRON = 4
# CUBE        = 5
# PRISM       = 6
#

dimension
2

elements
175
1 3 10 14 15 16
1 3 14 13 17 15
1 3 15 17 18 19
1 3 16 15 19 20
1 3 21 16 20 22
1 3 9 10 16 21
1 3 8 9 21 7
1 3 7 21 22 6
1 3 6 22 23 5
1 3 22 20 24 23
1 3 23 24 25 26
1 3 5 23 26 4
1 3 4 26 27 3
1 3 3 27 28 2
1 3 27 29 30 28
1 3 26 25 29 27
1 3 25 31 32 29
1 3 29 32 33 30
1 3 32 34 35 33
1 3 31 36 34 32
1 3 37 38 36 31
1 3 24 37 31 25
1 3 20 19 37 24
1 3 19 18 38 37
1 3 18 39 40 36
1 3 36 41 42 34
1 3 34 42 43 35
1 3 42 44 45 43
1 3 41 40 44 42
1 3 40 46 47 44
1 3 44 47 48 45
1 3 47 49 50 48
1 3 46 51 49 47
1 3 52 53 51 46
1 3 54 52 46 40
1 3 39 55 52 54
1 3 55 56 53 52
1 3 57 58 56 55
1 3 59 60 58 57
1 3 61 59 57 62
1 3 62 57 55 39
1 3 63 62 39 64
1 3 17 63 64 18
1 3 13 65 63 17
1 3 65 61 62 63
1 3 66 67 61 65
1 3 12 66 65 13
1 3 11 68 66 12
1 3 68 69 67 66
1 3 69 70 71 67
1 3 67 71 59 61
1 3 71 72 60 59
1 3 70 73 72 71
1 3 73 74 75 72
1 3 74 76 77 75
1 3 75 77 78 79
1 3 72 75 79 60
1 3 60 79 80 58
1 3 58 80 81 56
1 3 80 82 83 81
1 3 79 78 82 80
1 3 78 84 85 82
1 3 82 85 86 83
1 3 85 87 88 86
1 3 84 89 87 85
1 3 90 91 89 84
1 3 77 90 84 78
1 3 76 92 90 77
1 3 92 93 91 90
1 3 93 94 95 91
1 3 91 95 96 89
1 3 95 97 98 96
1 3 94 99 97 95
1 3 99 100 101 97
1 3 100 0 102 101
1 3 101 102 103 104
1 3 97 101 104 98
1 3 98 104 105 106
1 3 104 103 107 105
1 3 105 107 108 109
1 3 106 105 109 110
1 3 111 106 110 112
1 3 96 98 106 111
1 3 89 96 111 87
1 3 87 111 112 88
1 3 88 112 113 114
1 3 114 113 115 116
1 3 113 117 118 115
1 3 112 110 117 113
1 3 110 109 119 117
1 3 109 108 120 119
1 3 119 120 121 122
1 3 117 119 122 118
1 3 118 122 123 124
1 3 122 121 125 123
1 3 123 125 126 127
1 3 124 123 127 128
1 3 129 124 128 130
1 3 115 118 124 129
1 3 116 115 129 131
1 3 131 129 130 132
1 3 133 116 132 134
1 3 135 114 116 136
1 3 86 88 114 135
1 3 83 86 135 137
1 3 137 135 136 133
1 3 138 137 133 139
1 3 81 83 137 138
1 3 56 81 138 53
1 3 53 138 139 51
1 3 51 139 140 49
1 3 139 133 141 140
1 3 140 141 134 142
1 3 49 140 142 50
1 3 50 142 143 144
1 3 142 134 145 143
1 3 143 145 146 147
1 3 144 143 147 148
1 3 148 147 149 150
1 3 150 149 151 152
1 3 149 153 154 151
1 3 147 146 153 149
1 3 146 155 156 153
1 3 153 156 157 154
1 3 156 158 159 157
1 3 155 160 158 156
1 3 134 132 160 146
1 3 132 130 161 162
1 3 162 161 163 160
1 3 161 164 165 163
1 3 130 128 164 161
1 3 128 127 166 164
1 3 127 126 167 166
1 3 166 167 168 169
1 3 164 166 169 165
1 3 165 169 170 171
1 3 169 168 172 170
1 3 170 172 173 174
1 3 171 170 174 175
1 3 176 171 175 177
1 3 163 165 171 176
1 3 160 163 176 158
1 3 158 176 177 159
1 3 159 177 178 179
1 3 179 178 180 181
1 3 178 182 183 180
1 3 177 175 182 178
1 3 175 174 184 182
1 3 174 173 185 184
1 3 184 185 186 187
1 3 182 184 187 183
1 3 183 187 188 189
1 3 187 186 190 188
1 3 188 190 1 191
1 3 189 188 191 192
1 3 193 189 192 194
1 3 180 183 189 193
1 3 181 180 193 195
1 3 195 193 194 196
1 3 197 195 196 198
1 3 199 197 198 200
1 3 201 202 197 199
1 3 202 181 195 197
1 3 203 179 181 202
1 3 157 159 179 203
1 3 154 157 203 204
1 3 204 203 202 201
1 3 205 204 201 206
1 3 151 154 204 205
1 3 152 151 205 207
1 3 207 205 206 208
1 3 208 206 209 210
1 3 206 201 199 209
1 3 209 199 200 211
1 3 210 209 211 212

boundary
64
13 1 10 14
13 1 14 13
13 1 9 10
13 1 8 9
13 1 7 8
13 1 6 7
13 1 5 6
13 1 4 5
13 1 3 4
13 1 28 2
13 1 2 3
13 1 30 28
13 1 33 30
13 1 35 33
13 1 43 35
13 1 45 43
13 1 48 45
13 1 50 48
13 1 13 12
13 1 11 68
13 1 12 11
13 1 68 69
13 1 69 70
13 1 70 73
13 1 73 74
13 1 74 76
13 1 76 92
13 1 92 93
13 1 93 94
13 1 94 99
13 1 99 100
13 1 100 0
13 1 0 102
13 1 102 103
13 1 103 107
13 1 107 108
13 1 108 120
13 1 120 121
13 1 121 125
13 1 125 126
13 1 144 50
13 1 148 144
13 1 150 148
13 1 152 150
13 1 126 167
13 1 167 168
13 1 168 172
13 1 172 173
13 1 173 185
13 1 185 186
13 1 186 190
13 1 190 1
13 1 1 191
13 1 191 192
13 1 192 194
13 1 194 196
13 1 196 198
13 1 198 200
13 1 207 152
13 1 208 207
13 1 210 208
13 1 200 211
13 1 211 212
13 1 212 210

vertices
213
2
0.75 0.5
0.75 0.75
0.5 0.625
0.5 0.609375
0.5 0.59375
0.5 0.578125
0.5 0.5625
0.5 0.546875
0.5 0.53125
0.515625 0.53125
0.53125 0.53125
0.5625 0.5
0.5625 0.515625
0.5625 0.53125
0.546875 0.53125
0.546875 0.546875
0.53125 0.546875
0.5625 0.546875
0.5625 0.5625
0.546875 0.5625
0.53125 0.5625
0.515625 0.546875
0.515625 0.5625
0.515625 0.578125
0.53125 0.578125
0.53125 0.59375
0.515625 0.59375
0.515625 0.609375
0.515625 0.625
0.53125 0.609375
0.53125 0.625
0.546875 0.59375
0.546875 0.609375
0.546875 0.625
0.5625 0.609375
0.5625 0.625
0.5625 0.59375
0.546875 0.578125
0.5625 0.578125
0.59375 0.5625
0.59375 0.59375
0.578125 0.59375
0.578125 0.609375
0.578125 0.625
0.59375 0.609375
0.59375 0.625
0.609375 0.59375
0.609375 0.609375
0.609375 0.625
0.625 0.609375
0.625 0.625
0.625 0.59375
0.609375 0.578125
0.625 0.578125
0.59375 0.578125
0.609375 0.5625
0.625 0.5625
0.609375 0.546875
0.625 0.546875
0.609375 0.53125
0.625 0.53125
0.59375 0.53125
0.59375 0.546875
0.578125 0.546875
0.578125 0.5625
0.578125 0.53125
0.578125 0.515625
0.59375 0.515625
0.578125 0.5
0.59375 0.5
0.609375 0.5
0.609375 0.515625
0.625 0.515625
0.625 0.5
0.640625 0.5
0.640625 0.515625
0.65625 0.5
0.65625 0.515625
0.65625 0.53125
0.640625 0.53125
0.640625 0.546875
0.640625 0.5625
0.65625 0.546875
0.65625 0.5625
0.671875 0.53125
0.671875 0.546875
0.671875 0.5625
0.6875 0.546875
0.6875 0.5625
0.6875 0.53125
0.671875 0.515625
0.6875 0.515625
0.671875 0.5
0.6875 0.5
0.703125 0.5
0.703125 0.515625
0.703125 0.53125
0.71875 0.515625
0.71875 0.53125
0.71875 0.5
0.734375 0.5
0.734375 0.515625
0.75 0.515625
0.75 0.53125
0.734375 0.53125
0.734375 0.546875
0.71875 0.546875
0.75 0.546875
0.75 0.5625
0.734375 0.5625
0.71875 0.5625
0.703125 0.546875
0.703125 0.5625
0.703125 0.578125
0.6875 0.578125
0.703125 0.59375
0.6875 0.59375
0.71875 0.578125
0.71875 0.59375
0.734375 0.578125
0.75 0.578125
0.75 0.59375
0.734375 0.59375
0.734375 0.609375
0.71875 0.609375
0.75 0.609375
0.75 0.625
0.734375 0.625
0.71875 0.625
0.703125 0.609375
0.703125 0.625
0.6875 0.609375
0.6875 0.625
0.65625 0.59375
0.65625 0.625
0.671875 0.578125
0.671875 0.59375
0.65625 0.578125
0.640625 0.578125
0.640625 0.59375
0.640625 0.609375
0.65625 0.609375
0.640625 0.625
0.640625 0.640625
0.625 0.640625
0.65625 0.640625
0.65625 0.65625
0.640625 0.65625
0.625 0.65625
0.640625 0.671875
0.625 0.671875
0.640625 0.6875
0.625 0.6875
0.65625 0.671875
0.65625 0.6875
0.671875 0.65625
0.671875 0.671875
0.671875 0.6875
0.6875 0.671875
0.6875 0.6875
0.6875 0.65625
0.703125 0.640625
0.6875 0.640625
0.703125 0.65625
0.71875 0.640625
0.71875 0.65625
0.734375 0.640625
0.75 0.640625
0.75 0.65625
0.734375 0.65625
0.734375 0.671875
0.71875 0.671875
0.75 0.671875
0.75 0.6875
0.734375 0.6875
0.71875 0.6875
0.703125 0.671875
0.703125 0.6875
0.703125 0.703125
0.6875 0.703125
0.703125 0.71875
0.6875 0.71875
0.71875 0.703125
0.71875 0.71875
0.734375 0.703125
0.75 0.703125
0.75 0.71875
0.734375 0.71875
0.734375 0.734375
0.71875 0.734375
0.75 0.734375
0.734375 0.75
0.71875 0.75
0.703125 0.734375
0.703125 0.75
0.6875 0.734375
0.6875 0.75
0.671875 0.734375
0.671875 0.75
0.65625 0.734375
0.65625 0.75
0.65625 0.71875
0.671875 0.71875
0.671875 0.703125
0.65625 0.703125
0.640625 0.703125
0.640625 0.71875
0.625 0.703125
0.625 0.71875
0.640625 0.734375
0.625 0.734375
0.640625 0.75
0.625 0.75
