MFEM mesh v1.0

#
# MFEM Geometry Types (see mesh/geom.hpp):
#
# POINT       = 0
# SEGMENT     = 1
# TRIANGLE    = 2
# SQUARE      = 3
# TETRAHEDRON = 4
# CUBE        = 5
# PRISM       = 6
#

dimension
2

elements
196
1 3 41 42 43 44
1 3 39 41 44 40
1 3 40 44 45 46
1 3 44 43 47 45
1 3 45 47 1 48
1 3 46 45 48 49
1 3 50 46 49 51
1 3 37 40 46 50
1 3 38 37 50 52
1 3 52 50 51 53
1 3 54 52 53 55
1 3 56 54 55 57
1 3 58 59 54 56
1 3 59 38 52 54
1 3 60 36 38 59
1 3 34 35 36 60
1 3 33 34 60 61
1 3 61 60 59 58
1 3 62 61 58 63
1 3 31 33 61 62
1 3 32 31 62 64
1 3 64 62 63 65
1 3 65 63 66 67
1 3 63 58 56 66
1 3 66 56 57 68
1 3 67 66 68 69
1 3 70 71 69 72
1 3 73 70 72 74
1 3 75 76 70 73
1 3 76 67 71 70
1 3 77 65 67 75
1 3 78 77 75 79
1 3 79 75 74 80
1 3 81 79 80 82
1 3 83 81 82 84
1 3 85 86 81 83
1 3 86 78 79 81
1 3 87 88 78 86
1 3 89 87 86 85
1 3 90 91 87 89
1 3 91 92 88 87
1 3 92 93 94 88
1 3 88 94 77 78
1 3 94 64 65 77
1 3 93 32 64 94
1 3 95 30 32 93
1 3 96 95 93 92
1 3 97 98 95 96
1 3 98 29 30 95
1 3 99 28 29 98
1 3 26 27 28 99
1 3 25 26 99 100
1 3 100 99 98 97
1 3 101 100 97 102
1 3 24 25 100 101
1 3 23 24 101 103
1 3 103 101 102 104
1 3 104 102 105 106
1 3 102 97 96 105
1 3 105 96 92 91
1 3 106 105 91 90
1 3 107 106 90 108
1 3 109 107 108 110
1 3 111 112 107 109
1 3 112 104 106 107
1 3 113 103 104 112
1 3 22 23 103 113
1 3 21 22 113 114
1 3 114 113 112 111
1 3 115 114 111 116
1 3 20 21 114 115
1 3 19 20 115 18
1 3 18 115 116 17
1 3 17 116 117 16
1 3 116 111 109 117
1 3 117 109 110 118
1 3 16 117 118 15
1 3 15 118 119 14
1 3 14 119 120 13
1 3 119 121 122 120
1 3 118 110 121 119
1 3 110 108 123 121
1 3 108 90 89 123
1 3 123 89 85 124
1 3 121 123 124 122
1 3 122 124 125 126
1 3 124 85 83 125
1 3 125 83 84 127
1 3 126 125 127 128
1 3 129 126 128 130
1 3 120 122 126 129
1 3 13 120 129 12
1 3 12 129 130 0
1 3 0 130 131 11
1 3 130 128 132 131
1 3 131 132 133 134
1 3 11 131 134 10
1 3 10 133 135 9
1 3 133 136 137 135
1 3 138 139 136 140
1 3 132 138 140 133
1 3 128 127 138 132
1 3 127 84 139 138
1 3 84 80 141 136
1 3 80 74 142 143
1 3 74 69 144 142
1 3 142 144 145 146
1 3 143 142 146 141
1 3 141 146 147 148
1 3 146 145 149 147
1 3 147 149 150 151
1 3 148 147 151 152
1 3 136 141 152 137
1 3 137 152 153 154
1 3 152 150 155 153
1 3 153 156 157 158
1 3 156 155 159 157
1 3 157 159 160 161
1 3 158 157 161 162
1 3 154 153 162 163
1 3 164 154 163 165
1 3 135 137 154 164
1 3 9 135 164 8
1 3 8 164 165 7
1 3 7 165 166 6
1 3 165 163 167 166
1 3 166 167 168 169
1 3 6 166 169 5
1 3 5 169 170 4
1 3 4 170 171 2
1 3 170 172 173 171
1 3 169 168 172 170
1 3 168 174 175 172
1 3 172 175 176 173
1 3 175 177 178 176
1 3 174 179 177 175
1 3 180 181 179 174
1 3 167 180 174 168
1 3 163 162 180 167
1 3 162 161 182 183
1 3 183 182 184 180
1 3 182 185 181 184
1 3 161 160 185 182
1 3 160 186 187 185
1 3 185 187 188 181
1 3 187 189 190 188
1 3 186 191 189 187
1 3 191 192 193 189
1 3 192 194 195 193
1 3 193 195 196 197
1 3 189 193 197 190
1 3 190 197 198 199
1 3 197 196 200 198
1 3 198 200 201 202
1 3 199 198 202 203
1 3 181 190 203 179
1 3 179 203 204 177
1 3 177 204 205 178
1 3 204 206 207 205
1 3 203 201 206 204
1 3 201 208 209 206
1 3 206 209 210 207
1 3 209 211 3 210
1 3 208 212 211 209
1 3 213 214 212 208
1 3 196 213 208 201
1 3 215 216 213 217
1 3 195 215 217 196
1 3 194 218 215 195
1 3 218 219 216 215
1 3 219 220 214 213
1 3 221 222 220 223
1 3 224 221 223 219
1 3 225 226 221 224
1 3 226 227 222 221
1 3 228 229 227 226
1 3 230 231 229 228
1 3 232 230 228 233
1 3 233 228 226 225
1 3 234 233 225 235
1 3 236 232 233 234
1 3 237 236 234 238
1 3 238 234 235 239
1 3 239 235 240 241
1 3 235 225 224 240
1 3 240 224 219 218
1 3 241 240 218 194
1 3 242 241 194 192
1 3 243 244 241 245
1 3 246 239 244 243
1 3 247 246 243 248
1 3 248 243 245 242
1 3 249 248 242 250
1 3 251 247 248 249
1 3 252 251 249 253
1 3 253 249 250 254

boundary
92
3 1 171 2
3 1 173 171
3 1 176 173
3 1 178 176
3 1 205 178
3 1 207 205
3 1 210 207
3 1 3 210
14 1 41 42
14 1 42 43
14 1 39 41
14 1 40 39
14 1 43 47
14 1 47 1
14 1 1 48
14 1 48 49
14 1 49 51
14 1 37 40
14 1 38 37
14 1 51 53
14 1 53 55
14 1 55 57
14 1 36 38
14 1 34 35
14 1 35 36
14 1 33 34
14 1 31 33
14 1 32 31
14 1 57 68
14 1 68 69
14 1 30 32
14 1 29 30
14 1 28 29
14 1 26 27
14 1 27 28
14 1 25 26
14 1 24 25
14 1 23 24
14 1 22 23
14 1 21 22
14 1 20 21
14 1 19 20
14 1 18 19
14 1 17 18
14 1 16 17
14 1 15 16
14 1 14 15
14 1 13 14
14 1 12 13
14 1 0 12
14 1 11 0
14 1 10 11
14 1 9 10
14 1 69 144
14 1 144 145
14 1 145 149
14 1 149 150
14 1 155 159
14 1 159 160
14 1 8 9
14 1 7 8
14 1 6 7
14 1 5 6
14 1 4 5
14 1 2 4
14 1 160 186
14 1 186 191
14 1 191 192
14 1 211 3
14 1 212 211
14 1 214 212
14 1 220 214
14 1 222 220
14 1 227 222
14 1 229 227
14 1 230 231
14 1 231 229
14 1 232 230
14 1 236 232
14 1 237 236
14 1 238 237
14 1 192 242
14 1 246 239
14 1 247 246
14 1 251 247
14 1 252 251
14 1 150 155
14 1 239 238
14 1 250 254
14 1 242 250
14 1 253 252
14 1 254 253

vertices
255
2
0.5 0.75
0.75 0.75
0.5 1
0.75 1
0.5 0.96875
0.5 0.9375
0.5 0.90625
0.5 0.875
0.5 0.84375
0.5 0.8125
0.5 0.78125
0.5 0.765625
0.5 0.734375
0.5 0.71875
0.5 0.703125
0.5 0.6875
0.5 0.671875
0.5 0.65625
0.5 0.640625
0.5 0.625
0.515625 0.625
0.53125 0.625
0.546875 0.625
0.5625 0.625
0.578125 0.625
0.59375 0.625
0.609375 0.625
0.625 0.625
0.625 0.640625
0.625 0.65625
0.625 0.671875
0.640625 0.6875
0.625 0.6875
0.65625 0.6875
0.671875 0.6875
0.6875 0.6875
0.6875 0.703125
0.703125 0.71875
0.6875 0.71875
0.71875 0.703125
0.71875 0.71875
0.734375 0.703125
0.75 0.703125
0.75 0.71875
0.734375 0.71875
0.734375 0.734375
0.71875 0.734375
0.75 0.734375
0.734375 0.75
0.71875 0.75
0.703125 0.734375
0.703125 0.75
0.6875 0.734375
0.6875 0.75
0.671875 0.734375
0.671875 0.75
0.65625 0.734375
0.65625 0.75
0.65625 0.71875
0.671875 0.71875
0.671875 0.703125
0.65625 0.703125
0.640625 0.703125
0.640625 0.71875
0.625 0.703125
0.625 0.71875
0.640625 0.734375
0.625 0.734375
0.640625 0.75
0.625 0.75
0.6171875 0.7421875
0.625 0.7421875
0.6171875 0.75
0.609375 0.7421875
0.609375 0.75
0.609375 0.734375
0.6171875 0.734375
0.609375 0.71875
0.59375 0.71875
0.59375 0.734375
0.59375 0.75
0.578125 0.734375
0.578125 0.75
0.5625 0.734375
0.5625 0.75
0.5625 0.71875
0.578125 0.71875
0.578125 0.703125
0.59375 0.703125
0.5625 0.703125
0.5625 0.6875
0.578125 0.6875
0.59375 0.6875
0.609375 0.6875
0.609375 0.703125
0.609375 0.671875
0.59375 0.671875
0.59375 0.65625
0.609375 0.65625
0.609375 0.640625
0.59375 0.640625
0.578125 0.640625
0.578125 0.65625
0.5625 0.640625
0.5625 0.65625
0.578125 0.671875
0.5625 0.671875
0.546875 0.671875
0.546875 0.6875
0.53125 0.671875
0.53125 0.6875
0.53125 0.65625
0.546875 0.65625
0.546875 0.640625
0.53125 0.640625
0.515625 0.640625
0.515625 0.65625
0.515625 0.671875
0.515625 0.6875
0.515625 0.703125
0.515625 0.71875
0.53125 0.703125
0.53125 0.71875
0.546875 0.703125
0.546875 0.71875
0.546875 0.734375
0.53125 0.734375
0.546875 0.75
0.53125 0.75
0.515625 0.734375
0.515625 0.75
0.515625 0.765625
0.53125 0.765625
0.53125 0.78125
0.515625 0.78125
0.53125 0.8125
0.5625 0.78125
0.5625 0.8125
0.546875 0.765625
0.5625 0.765625
0.546875 0.78125
0.59375 0.78125
0.609375 0.765625
0.59375 0.765625
0.625 0.765625
0.625 0.78125
0.609375 0.78125
0.609375 0.796875
0.59375 0.796875
0.625 0.796875
0.625 0.8125
0.609375 0.8125
0.59375 0.8125
0.59375 0.84375
0.5625 0.84375
0.625 0.84375
0.609375 0.84375
0.609375 0.859375
0.59375 0.859375
0.625 0.859375
0.625 0.875
0.609375 0.875
0.59375 0.875
0.5625 0.875
0.53125 0.84375
0.53125 0.875
0.53125 0.90625
0.5625 0.90625
0.5625 0.9375
0.53125 0.9375
0.53125 0.96875
0.53125 1
0.5625 0.96875
0.5625 1
0.59375 0.9375
0.59375 0.96875
0.59375 1
0.625 0.96875
0.625 1
0.625 0.9375
0.59375 0.90625
0.625 0.90625
0.609375 0.890625
0.59375 0.890625
0.609375 0.90625
0.625 0.890625
0.640625 0.875
0.640625 0.890625
0.640625 0.90625
0.65625 0.890625
0.65625 0.90625
0.65625 0.875
0.671875 0.875
0.671875 0.890625
0.6875 0.875
0.6875 0.890625
0.6875 0.90625
0.671875 0.90625
0.671875 0.921875
0.65625 0.921875
0.6875 0.921875
0.6875 0.9375
0.671875 0.9375
0.65625 0.9375
0.65625 0.96875
0.65625 1
0.6875 0.96875
0.6875 1
0.71875 0.9375
0.71875 0.96875
0.71875 1
0.75 0.96875
0.75 0.9375
0.71875 0.90625
0.75 0.90625
0.703125 0.890625
0.71875 0.890625
0.703125 0.90625
0.703125 0.875
0.71875 0.875
0.75 0.875
0.734375 0.859375
0.75 0.859375
0.734375 0.875
0.71875 0.859375
0.71875 0.84375
0.734375 0.84375
0.75 0.84375
0.734375 0.828125
0.75 0.828125
0.734375 0.8125
0.75 0.8125
0.71875 0.8125
0.71875 0.828125
0.703125 0.828125
0.703125 0.84375
0.703125 0.8125
0.6875 0.8125
0.6875 0.828125
0.6875 0.84375
0.703125 0.859375
0.6875 0.859375
0.671875 0.859375
0.6796875 0.8515625
0.6875 0.8515625
0.6796875 0.859375
0.6796875 0.84375
0.671875 0.84375
0.671875 0.8515625
0.6640625 0.8515625
0.6640625 0.859375
0.6640625 0.84375
0.65625 0.84375
0.65625 0.8515625
0.65625 0.859375
