MFEM mesh v1.0

#
# MFEM Geometry Types (see mesh/geom.hpp):
#
# POINT       = 0
# SEGMENT     = 1
# TRIANGLE    = 2
# SQUARE      = 3
# TETRAHEDRON = 4
# CUBE        = 5
# PRISM       = 6
#

dimension
2

elements
375
1 3 0 1 16 15
1 3 1 2 17 16
1 3 16 17 32 31
1 3 15 16 31 30
1 3 30 31 47 46
1 3 46 47 63 62
1 3 47 48 64 63
1 3 31 32 48 47
1 3 32 33 49 48
1 3 48 49 65 64
1 3 49 50 66 65
1 3 33 34 50 49
1 3 18 19 34 33
1 3 17 18 33 32
1 3 2 3 18 17
1 3 3 4 19 18
1 3 4 5 20 19
1 3 5 6 21 20
1 3 20 21 36 35
1 3 19 20 35 34
1 3 34 35 51 50
1 3 50 51 67 66
1 3 51 52 68 67
1 3 35 36 52 51
1 3 36 37 53 52
1 3 52 53 69 68
1 3 53 54 70 69
1 3 37 38 54 53
1 3 22 23 38 37
1 3 21 22 37 36
1 3 6 7 22 21
1 3 7 8 23 22
1 3 8 9 24 23
1 3 9 10 25 24
1 3 24 25 40 39
1 3 23 24 39 38
1 3 38 39 55 54
1 3 54 55 71 70
1 3 55 56 72 71
1 3 39 40 56 55
1 3 40 41 57 56
1 3 56 57 73 72
1 3 57 58 74 73
1 3 41 42 58 57
1 3 26 27 42 41
1 3 25 26 41 40
1 3 10 11 26 25
1 3 11 12 27 26
1 3 12 78 79 80
1 3 80 79 81 27
1 3 79 82 28 81
1 3 78 13 82 79
1 3 13 83 84 82
1 3 83 85 86 87
1 3 85 88 89 90
1 3 88 14 91 89
1 3 89 91 92 93
1 3 90 89 93 86
1 3 86 93 94 95
1 3 93 92 96 94
1 3 94 96 97 98
1 3 95 94 98 99
1 3 87 86 99 84
1 3 84 99 100 101
1 3 99 98 102 103
1 3 98 97 104 102
1 3 102 104 105 106
1 3 103 102 106 100
1 3 100 106 107 108
1 3 106 105 109 107
1 3 107 109 29 110
1 3 108 107 110 111
1 3 101 100 111 112
1 3 82 84 112 28
1 3 28 112 113 114
1 3 112 111 115 116
1 3 111 110 117 118
1 3 110 29 119 117
1 3 117 119 120 121
1 3 118 117 121 115
1 3 115 121 122 123
1 3 121 120 124 122
1 3 122 124 125 126
1 3 123 122 126 127
1 3 116 115 127 113
1 3 113 127 128 129
1 3 127 126 130 131
1 3 126 125 132 130
1 3 130 132 133 134
1 3 131 130 134 128
1 3 128 134 135 136
1 3 134 133 137 135
1 3 135 137 44 138
1 3 136 135 138 139
1 3 129 128 139 140
1 3 114 113 140 43
1 3 141 114 43 142
1 3 81 28 114 141
1 3 27 81 141 143
1 3 143 141 142 42
1 3 42 142 144 145
1 3 142 43 146 144
1 3 144 146 59 147
1 3 145 144 147 58
1 3 58 147 148 149
1 3 149 148 150 74
1 3 148 151 75 150
1 3 147 59 151 148
1 3 59 152 153 151
1 3 151 153 154 75
1 3 153 155 156 157
1 3 157 156 158 154
1 3 156 159 160 161
1 3 161 160 162 158
1 3 160 163 76 162
1 3 159 164 163 160
1 3 165 166 164 159
1 3 167 165 159 156
1 3 155 168 165 167
1 3 168 169 166 165
1 3 170 171 169 168
1 3 172 173 171 170
1 3 174 172 170 175
1 3 175 170 168 155
1 3 176 174 155 153
1 3 152 177 174 176
1 3 177 178 179 180
1 3 180 179 172 174
1 3 179 181 173 172
1 3 178 60 181 179
1 3 182 183 60 178
1 3 184 182 178 177
1 3 185 186 182 184
1 3 186 187 183 182
1 3 188 189 187 186
1 3 190 191 189 188
1 3 192 190 188 193
1 3 193 188 186 185
1 3 194 192 185 195
1 3 195 185 177 152
1 3 146 194 152 59
1 3 43 140 194 146
1 3 140 139 196 197
1 3 197 196 192 194
1 3 196 198 199 200
1 3 200 199 190 192
1 3 199 201 191 190
1 3 198 202 201 199
1 3 203 204 202 198
1 3 205 203 198 196
1 3 139 138 203 205
1 3 138 44 204 203
1 3 44 206 207 204
1 3 206 208 209 207
1 3 207 209 210 211
1 3 204 207 211 202
1 3 202 211 212 201
1 3 201 212 213 191
1 3 212 214 215 213
1 3 211 210 214 212
1 3 210 216 217 215
1 3 208 218 216 210
1 3 218 219 220 221
1 3 221 220 222 216
1 3 220 223 224 222
1 3 219 225 223 220
1 3 225 226 227 223
1 3 226 228 229 230
1 3 228 45 231 229
1 3 229 231 232 233
1 3 230 229 233 227
1 3 227 233 234 235
1 3 233 232 236 234
1 3 234 236 237 238
1 3 235 234 238 239
1 3 223 227 239 224
1 3 224 239 240 241
1 3 239 238 242 243
1 3 238 237 244 242
1 3 242 244 245 246
1 3 243 242 246 240
1 3 240 246 247 248
1 3 246 245 249 247
1 3 247 249 250 251
1 3 248 247 251 252
1 3 241 240 252 253
1 3 254 241 253 255
1 3 222 224 241 254
1 3 216 222 254 256
1 3 256 254 255 217
1 3 217 255 257 258
1 3 258 257 259 260
1 3 257 261 262 259
1 3 255 253 261 257
1 3 253 252 263 261
1 3 252 251 264 265
1 3 251 250 266 264
1 3 264 266 267 268
1 3 265 264 268 263
1 3 263 268 269 270
1 3 268 267 271 269
1 3 269 271 272 273
1 3 270 269 273 274
1 3 261 263 274 262
1 3 262 274 275 276
1 3 274 273 277 278
1 3 273 272 279 277
1 3 277 279 280 281
1 3 278 277 281 275
1 3 275 281 282 283
1 3 281 280 284 282
1 3 282 284 61 285
1 3 283 282 285 286
1 3 276 275 286 287
1 3 288 276 287 289
1 3 259 262 276 288
1 3 260 259 288 290
1 3 290 288 289 291
1 3 292 260 291 293
1 3 215 217 260 292
1 3 294 295 292 296
1 3 213 215 295 294
1 3 191 213 294 189
1 3 189 294 296 187
1 3 187 296 297 183
1 3 296 292 298 297
1 3 297 298 293 299
1 3 183 297 299 60
1 3 60 299 300 181
1 3 181 300 301 173
1 3 300 302 303 301
1 3 299 293 302 300
1 3 293 291 304 303
1 3 303 304 305 306
1 3 307 308 306 309
1 3 301 303 308 307
1 3 173 301 307 171
1 3 171 307 309 169
1 3 169 309 310 166
1 3 309 306 311 310
1 3 310 311 312 313
1 3 166 310 313 164
1 3 164 313 314 163
1 3 163 314 315 76
1 3 314 316 317 315
1 3 313 312 316 314
1 3 312 318 319 317
1 3 306 305 318 312
1 3 305 320 321 322
1 3 320 323 324 321
1 3 321 324 325 326
1 3 322 321 326 318
1 3 318 326 327 328
1 3 328 327 329 319
1 3 327 330 331 329
1 3 326 325 330 327
1 3 325 332 333 330
1 3 330 333 334 331
1 3 333 335 336 337
1 3 337 336 338 334
1 3 336 339 77 338
1 3 335 340 339 336
1 3 341 342 340 335
1 3 343 341 335 333
1 3 332 344 341 343
1 3 344 345 342 341
1 3 346 347 345 344
1 3 348 349 347 346
1 3 350 348 346 351
1 3 351 346 344 332
1 3 324 350 332 325
1 3 323 352 350 324
1 3 352 353 354 355
1 3 355 354 348 350
1 3 354 356 349 348
1 3 353 357 356 354
1 3 358 359 357 353
1 3 360 358 353 352
1 3 361 362 358 360
1 3 362 363 359 358
1 3 364 365 363 362
1 3 366 367 365 364
1 3 368 366 364 369
1 3 369 364 362 361
1 3 370 368 361 371
1 3 371 361 352 323
1 3 372 371 323 320
1 3 373 372 320 305
1 3 304 374 372 373
1 3 374 370 371 372
1 3 375 376 370 374
1 3 377 375 374 304
1 3 291 289 375 377
1 3 289 287 376 375
1 3 287 286 378 376
1 3 376 378 368 370
1 3 378 379 380 381
1 3 381 380 366 368
1 3 380 382 367 366
1 3 379 383 382 380
1 3 384 385 383 379
1 3 386 384 379 378
1 3 286 285 384 386
1 3 285 61 385 384
1 3 61 387 388 385
1 3 387 389 390 388
1 3 388 390 391 392
1 3 385 388 392 383
1 3 383 392 393 382
1 3 382 393 394 367
1 3 393 395 396 394
1 3 392 391 395 393
1 3 391 397 398 396
1 3 389 399 397 391
1 3 399 400 401 402
1 3 402 401 403 397
1 3 401 404 405 403
1 3 400 406 404 401
1 3 406 407 408 404
1 3 407 409 410 411
1 3 409 412 413 410
1 3 410 413 414 415
1 3 411 410 415 408
1 3 408 415 416 417
1 3 415 414 418 416
1 3 416 418 419 420
1 3 417 416 420 421
1 3 404 408 421 405
1 3 405 421 422 423
1 3 421 420 424 425
1 3 420 419 426 424
1 3 424 426 427 428
1 3 425 424 428 422
1 3 422 428 429 430
1 3 428 427 431 429
1 3 429 431 432 433
1 3 430 429 433 434
1 3 423 422 434 435
1 3 436 423 435 437
1 3 403 405 423 436
1 3 397 403 436 438
1 3 438 436 437 398
1 3 398 437 439 440
1 3 440 439 441 442
1 3 439 443 444 441
1 3 437 435 443 439
1 3 435 434 445 443
1 3 434 433 446 447
1 3 433 432 448 446
1 3 446 448 449 450
1 3 447 446 450 445
1 3 445 450 451 452
1 3 450 449 453 451
1 3 451 453 454 455
1 3 452 451 455 456
1 3 443 445 456 444
1 3 444 456 457 458
1 3 456 455 459 460
1 3 455 454 461 459
1 3 459 461 462 463
1 3 460 459 463 457
1 3 457 463 464 465
1 3 463 462 466 464
1 3 464 466 467 468
1 3 465 464 468 469
1 3 458 457 469 470
1 3 471 458 470 472
1 3 441 444 458 471
1 3 442 441 471 473
1 3 473 471 472 474
1 3 475 442 474 476
1 3 396 398 442 475
1 3 477 478 475 479
1 3 394 396 478 477
1 3 367 394 477 365

boundary
133
1 1 0 1
4 1 15 0
1 1 1 2
4 1 30 15
4 1 46 30
3 1 63 62
4 1 62 46
3 1 64 63
3 1 65 64
3 1 66 65
1 1 2 3
1 1 3 4
1 1 4 5
1 1 5 6
3 1 67 66
3 1 68 67
3 1 69 68
3 1 70 69
1 1 6 7
1 1 7 8
1 1 8 9
1 1 9 10
3 1 71 70
3 1 72 71
3 1 73 72
3 1 74 73
1 1 10 11
1 1 11 12
1 1 12 78
1 1 78 13
1 1 13 83
1 1 83 85
1 1 85 88
1 1 88 14
3 1 150 74
3 1 75 150
3 1 154 75
3 1 158 154
3 1 162 158
3 1 76 162
3 1 315 76
3 1 317 315
3 1 319 317
3 1 329 319
3 1 331 329
3 1 334 331
3 1 338 334
3 1 77 338
5 1 14 91
5 1 91 92
5 1 92 96
5 1 96 97
5 1 97 104
5 1 104 105
5 1 105 109
5 1 109 29
5 1 29 119
5 1 119 120
5 1 120 124
5 1 124 125
5 1 125 132
5 1 132 133
5 1 133 137
5 1 137 44
5 1 44 206
5 1 206 208
5 1 208 218
5 1 218 219
5 1 219 225
5 1 225 226
5 1 226 228
5 1 228 45
5 1 45 231
5 1 231 232
5 1 232 236
5 1 236 237
5 1 237 244
5 1 244 245
5 1 245 249
5 1 249 250
5 1 250 266
5 1 266 267
5 1 267 271
5 1 271 272
5 1 272 279
5 1 279 280
5 1 280 284
5 1 284 61
5 1 339 77
5 1 340 339
5 1 342 340
5 1 345 342
5 1 347 345
5 1 349 347
5 1 356 349
5 1 357 356
5 1 359 357
5 1 363 359
5 1 365 363
5 1 61 387
5 1 387 389
5 1 389 399
5 1 399 400
5 1 400 406
5 1 406 407
5 1 407 409
5 1 409 412
5 1 412 413
5 1 413 414
5 1 414 418
5 1 418 419
5 1 419 426
5 1 426 427
5 1 427 431
5 1 431 432
5 1 432 448
5 1 448 449
5 1 449 453
5 1 453 454
5 1 454 461
5 1 461 462
5 1 462 466
5 1 466 467
5 1 467 468
5 1 468 469
5 1 469 470
5 1 470 472
5 1 472 474
5 1 474 476
5 1 475 479
5 1 479 477
5 1 477 365
5 1 476 475

vertices
480
2
0 0
0.0625 0
0.125 0
0.1875 0
0.25 0
0.3125 0
0.375 0
0.4375 0
0.5 0
0.5625 0
0.625 0
0.6875 0
0.75 0
0.8125 0
0.875 0
0 0.125
0.0625 0.125
0.125 0.125
0.1875 0.125
0.25 0.125
0.3125 0.125
0.375 0.125
0.4375 0.125
0.5 0.125
0.5625 0.125
0.625 0.125
0.6875 0.125
0.75 0.125
0.8125 0.125
0.875 0.125
0 0.25
0.0625 0.25
0.125 0.25
0.1875 0.25
0.25 0.25
0.3125 0.25
0.375 0.25
0.4375 0.25
0.5 0.25
0.5625 0.25
0.625 0.25
0.6875 0.25
0.75 0.25
0.8125 0.25
0.875 0.25
0.9375 0.25
0 0.375
0.0625 0.375
0.125 0.375
0.1875 0.375
0.25 0.375
0.3125 0.375
0.375 0.375
0.4375 0.375
0.5 0.375
0.5625 0.375
0.625 0.375
0.6875 0.375
0.75 0.375
0.8125 0.375
0.875 0.375
0.9375 0.375
0 0.5
0.0625 0.5
0.125 0.5
0.1875 0.5
0.25 0.5
0.3125 0.5
0.375 0.5
0.4375 0.5
0.5 0.5
0.5625 0.5
0.625 0.5
0.6875 0.5
0.75 0.5
0.8125 0.5
0.875 0.5
0.9375 0.5
0.78125 0
0.78125 0.0625
0.75 0.0625
0.78125 0.125
0.8125 0.0625
0.84375 0
0.84375 0.0625
0.859375 0
0.859375 0.03125
0.84375 0.03125
0.8671875 0
0.8671875 0.015625
0.859375 0.015625
0.875 0.015625
0.875 0.03125
0.8671875 0.03125
0.8671875 0.046875
0.859375 0.046875
0.875 0.046875
0.875 0.0625
0.8671875 0.0625
0.859375 0.0625
0.859375 0.09375
0.84375 0.09375
0.8671875 0.078125
0.859375 0.078125
0.875 0.078125
0.875 0.09375
0.8671875 0.09375
0.8671875 0.109375
0.859375 0.109375
0.875 0.109375
0.8671875 0.125
0.859375 0.125
0.84375 0.125
0.84375 0.1875
0.8125 0.1875
0.859375 0.15625
0.84375 0.15625
0.8671875 0.140625
0.859375 0.140625
0.875 0.140625
0.875 0.15625
0.8671875 0.15625
0.8671875 0.171875
0.859375 0.171875
0.875 0.171875
0.875 0.1875
0.8671875 0.1875
0.859375 0.1875
0.859375 0.21875
0.84375 0.21875
0.8671875 0.203125
0.859375 0.203125
0.875 0.203125
0.875 0.21875
0.8671875 0.21875
0.8671875 0.234375
0.859375 0.234375
0.875 0.234375
0.8671875 0.25
0.859375 0.25
0.84375 0.25
0.78125 0.1875
0.78125 0.25
0.75 0.1875
0.78125 0.3125
0.75 0.3125
0.8125 0.3125
0.78125 0.375
0.78125 0.4375
0.75 0.4375
0.78125 0.5
0.8125 0.4375
0.84375 0.375
0.84375 0.4375
0.84375 0.5
0.859375 0.4375
0.859375 0.46875
0.84375 0.46875
0.859375 0.5
0.8671875 0.46875
0.8671875 0.484375
0.859375 0.484375
0.8671875 0.5
0.875 0.484375
0.875 0.46875
0.8671875 0.453125
0.875 0.453125
0.859375 0.453125
0.8671875 0.4375
0.875 0.4375
0.8671875 0.421875
0.875 0.421875
0.8671875 0.40625
0.875 0.40625
0.859375 0.40625
0.859375 0.421875
0.84375 0.40625
0.859375 0.375
0.8671875 0.375
0.8671875 0.390625
0.859375 0.390625
0.875 0.390625
0.8671875 0.359375
0.875 0.359375
0.859375 0.359375
0.859375 0.34375
0.8671875 0.34375
0.875 0.34375
0.8671875 0.328125
0.875 0.328125
0.8671875 0.3125
0.875 0.3125
0.859375 0.3125
0.859375 0.328125
0.84375 0.3125
0.84375 0.34375
0.859375 0.28125
0.84375 0.28125
0.8671875 0.28125
0.8671875 0.296875
0.859375 0.296875
0.875 0.296875
0.875 0.28125
0.8671875 0.265625
0.875 0.265625
0.859375 0.265625
0.8828125 0.25
0.8828125 0.265625
0.890625 0.25
0.890625 0.265625
0.890625 0.28125
0.8828125 0.28125
0.8828125 0.296875
0.8828125 0.3125
0.890625 0.296875
0.890625 0.3125
0.90625 0.28125
0.90625 0.3125
0.90625 0.25
0.9140625 0.25
0.9140625 0.265625
0.90625 0.265625
0.9140625 0.28125
0.921875 0.265625
0.921875 0.28125
0.921875 0.25
0.9296875 0.25
0.9296875 0.265625
0.93359375 0.25
0.93359375 0.2578125
0.9296875 0.2578125
0.9375 0.2578125
0.9375 0.265625
0.93359375 0.265625
0.93359375 0.2734375
0.9296875 0.2734375
0.9375 0.2734375
0.9375 0.28125
0.93359375 0.28125
0.9296875 0.28125
0.9296875 0.296875
0.921875 0.296875
0.93359375 0.2890625
0.9296875 0.2890625
0.9375 0.2890625
0.9375 0.296875
0.93359375 0.296875
0.93359375 0.3046875
0.9296875 0.3046875
0.9375 0.3046875
0.9375 0.3125
0.93359375 0.3125
0.9296875 0.3125
0.921875 0.3125
0.9140625 0.296875
0.9140625 0.3125
0.90625 0.296875
0.9140625 0.328125
0.90625 0.328125
0.9140625 0.34375
0.90625 0.34375
0.921875 0.328125
0.921875 0.34375
0.9296875 0.328125
0.93359375 0.3203125
0.9296875 0.3203125
0.9375 0.3203125
0.9375 0.328125
0.93359375 0.328125
0.93359375 0.3359375
0.9296875 0.3359375
0.9375 0.3359375
0.9375 0.34375
0.93359375 0.34375
0.9296875 0.34375
0.9296875 0.359375
0.921875 0.359375
0.93359375 0.3515625
0.9296875 0.3515625
0.9375 0.3515625
0.9375 0.359375
0.93359375 0.359375
0.93359375 0.3671875
0.9296875 0.3671875
0.9375 0.3671875
0.93359375 0.375
0.9296875 0.375
0.921875 0.375
0.9140625 0.359375
0.9140625 0.375
0.90625 0.359375
0.90625 0.375
0.890625 0.34375
0.890625 0.375
0.8828125 0.328125
0.890625 0.328125
0.8828125 0.34375
0.8828125 0.359375
0.890625 0.359375
0.8828125 0.375
0.8828125 0.390625
0.8828125 0.40625
0.890625 0.390625
0.890625 0.40625
0.90625 0.40625
0.90625 0.4375
0.890625 0.4375
0.8828125 0.421875
0.890625 0.421875
0.8828125 0.4375
0.8828125 0.453125
0.890625 0.453125
0.890625 0.46875
0.8828125 0.46875
0.8828125 0.484375
0.8828125 0.5
0.890625 0.484375
0.890625 0.5
0.90625 0.46875
0.90625 0.5
0.9140625 0.4375
0.9140625 0.453125
0.90625 0.453125
0.921875 0.4375
0.921875 0.453125
0.921875 0.46875
0.9140625 0.46875
0.9140625 0.484375
0.90625 0.484375
0.9140625 0.5
0.921875 0.484375
0.921875 0.5
0.9296875 0.46875
0.9296875 0.484375
0.9296875 0.5
0.93359375 0.484375
0.93359375 0.4921875
0.9296875 0.4921875
0.93359375 0.5
0.9375 0.4921875
0.9375 0.484375
0.93359375 0.4765625
0.9375 0.4765625
0.9296875 0.4765625
0.93359375 0.46875
0.9375 0.46875
0.93359375 0.4609375
0.9375 0.4609375
0.93359375 0.453125
0.9375 0.453125
0.9296875 0.453125
0.9296875 0.4609375
0.9296875 0.4375
0.93359375 0.4375
0.93359375 0.4453125
0.9296875 0.4453125
0.9375 0.4453125
0.9375 0.4375
0.93359375 0.4296875
0.9375 0.4296875
0.9296875 0.4296875
0.9296875 0.421875
0.93359375 0.421875
0.9375 0.421875
0.93359375 0.4140625
0.9375 0.4140625
0.93359375 0.40625
0.9375 0.40625
0.9296875 0.40625
0.9296875 0.4140625
0.921875 0.40625
0.921875 0.421875
0.9140625 0.421875
0.90625 0.421875
0.9140625 0.40625
0.9140625 0.390625
0.921875 0.390625
0.90625 0.390625
0.9296875 0.390625
0.93359375 0.390625
0.93359375 0.3984375
0.9296875 0.3984375
0.9375 0.3984375
0.9375 0.390625
0.93359375 0.3828125
0.9375 0.3828125
0.9296875 0.3828125
0.94140625 0.375
0.94140625 0.3828125
0.9453125 0.375
0.9453125 0.3828125
0.9453125 0.390625
0.94140625 0.390625
0.94140625 0.3984375
0.94140625 0.40625
0.9453125 0.3984375
0.9453125 0.40625
0.953125 0.390625
0.953125 0.40625
0.953125 0.375
0.95703125 0.375
0.95703125 0.3828125
0.953125 0.3828125
0.95703125 0.390625
0.9609375 0.3828125
0.9609375 0.390625
0.9609375 0.375
0.96484375 0.375
0.96484375 0.3828125
0.96679688 0.375
0.96679688 0.37890625
0.96484375 0.37890625
0.96875 0.375
0.96875 0.37890625
0.96875 0.3828125
0.96679688 0.3828125
0.96679688 0.38671875
0.96484375 0.38671875
0.96875 0.38671875
0.96875 0.390625
0.96679688 0.390625
0.96484375 0.390625
0.96484375 0.3984375
0.9609375 0.3984375
0.96679688 0.39453125
0.96484375 0.39453125
0.96875 0.39453125
0.96875 0.3984375
0.96679688 0.3984375
0.96679688 0.40234375
0.96484375 0.40234375
0.96875 0.40234375
0.96875 0.40625
0.96679688 0.40625
0.96484375 0.40625
0.9609375 0.40625
0.95703125 0.3984375
0.95703125 0.40625
0.953125 0.3984375
0.95703125 0.4140625
0.953125 0.4140625
0.95703125 0.421875
0.953125 0.421875
0.9609375 0.4140625
0.9609375 0.421875
0.96484375 0.4140625
0.96679688 0.41015625
0.96484375 0.41015625
0.96875 0.41015625
0.96875 0.4140625
0.96679688 0.4140625
0.96679688 0.41796875
0.96484375 0.41796875
0.96875 0.41796875
0.96875 0.421875
0.96679688 0.421875
0.96484375 0.421875
0.96484375 0.4296875
0.9609375 0.4296875
0.96679688 0.42578125
0.96484375 0.42578125
0.96875 0.42578125
0.96875 0.4296875
0.96679688 0.4296875
0.96679688 0.43359375
0.96484375 0.43359375
0.96875 0.43359375
0.96875 0.4375
0.96679688 0.4375
0.96484375 0.4375
0.9609375 0.4375
0.95703125 0.4296875
0.95703125 0.4375
0.953125 0.4296875
0.953125 0.4375
0.9453125 0.421875
0.9453125 0.4375
0.94140625 0.4140625
0.9453125 0.4140625
0.94140625 0.421875
