MFEM mesh v1.0

#
# MFEM Geometry Types (see mesh/geom.hpp):
#
# POINT       = 0
# SEGMENT     = 1
# TRIANGLE    = 2
# SQUARE      = 3
# TETRAHEDRON = 4
# CUBE        = 5
# PRISM       = 6
#

dimension
2

elements
167
1 3 12 14 15 16
1 3 10 12 16 11
1 3 11 16 17 18
1 3 16 15 19 17
1 3 17 19 20 21
1 3 18 17 21 22
1 3 23 18 22 24
1 3 9 11 18 23
1 3 8 9 23 7
1 3 7 23 24 6
1 3 6 24 25 5
1 3 24 22 26 25
1 3 25 26 27 28
1 3 5 25 28 4
1 3 4 28 29 3
1 3 3 29 30 2
1 3 29 31 32 30
1 3 28 27 31 29
1 3 27 33 34 31
1 3 31 34 35 32
1 3 34 36 37 35
1 3 33 38 36 34
1 3 39 40 38 33
1 3 26 39 33 27
1 3 22 21 39 26
1 3 21 20 40 39
1 3 20 41 42 38
1 3 38 43 44 36
1 3 36 44 45 37
1 3 44 46 47 45
1 3 43 42 46 44
1 3 42 48 49 46
1 3 46 49 50 47
1 3 49 51 52 50
1 3 48 53 51 49
1 3 54 55 53 48
1 3 56 54 48 42
1 3 41 57 54 56
1 3 57 58 55 54
1 3 59 60 58 57
1 3 61 62 60 59
1 3 63 61 59 64
1 3 64 59 57 41
1 3 65 64 41 66
1 3 19 65 66 20
1 3 15 67 65 19
1 3 67 63 64 65
1 3 68 69 63 67
1 3 14 68 67 15
1 3 13 70 68 14
1 3 70 71 69 68
1 3 71 72 73 69
1 3 69 73 61 63
1 3 73 74 62 61
1 3 72 75 74 73
1 3 75 76 77 74
1 3 76 78 79 77
1 3 77 79 80 81
1 3 74 77 81 62
1 3 62 81 82 60
1 3 60 82 83 58
1 3 82 84 85 83
1 3 81 80 84 82
1 3 80 86 87 84
1 3 84 87 88 85
1 3 87 89 90 88
1 3 86 91 89 87
1 3 92 93 91 86
1 3 79 92 86 80
1 3 78 94 92 79
1 3 94 95 93 92
1 3 95 96 97 93
1 3 93 97 98 91
1 3 97 99 100 98
1 3 96 101 99 97
1 3 101 102 103 99
1 3 102 0 104 103
1 3 103 104 105 106
1 3 99 103 106 100
1 3 100 106 107 108
1 3 106 105 109 107
1 3 107 109 110 111
1 3 108 107 111 112
1 3 113 108 112 114
1 3 98 100 108 113
1 3 91 98 113 89
1 3 89 113 114 90
1 3 90 114 115 116
1 3 116 115 117 118
1 3 115 119 120 117
1 3 114 112 119 115
1 3 112 111 121 119
1 3 111 110 122 121
1 3 121 122 123 124
1 3 119 121 124 120
1 3 120 124 125 126
1 3 124 123 127 125
1 3 125 127 128 129
1 3 126 125 129 130
1 3 131 126 130 132
1 3 117 120 126 131
1 3 118 117 131 133
1 3 133 131 132 134
1 3 135 133 134 136
1 3 137 135 136 138
1 3 139 140 135 137
1 3 140 118 133 135
1 3 141 116 118 140
1 3 88 90 116 141
1 3 85 88 141 142
1 3 142 141 140 139
1 3 143 142 139 144
1 3 83 85 142 143
1 3 58 83 143 55
1 3 55 143 144 53
1 3 53 144 145 51
1 3 144 139 137 145
1 3 145 137 138 146
1 3 51 145 146 52
1 3 52 146 147 148
1 3 146 138 149 147
1 3 147 149 150 151
1 3 148 147 151 152
1 3 152 151 153 154
1 3 154 153 155 156
1 3 153 157 158 155
1 3 151 150 157 153
1 3 150 159 160 157
1 3 157 160 161 158
1 3 160 162 163 161
1 3 159 164 162 160
1 3 165 166 164 159
1 3 149 165 159 150
1 3 138 136 165 149
1 3 136 134 166 165
1 3 134 132 167 166
1 3 166 167 168 164
1 3 167 169 170 168
1 3 132 130 169 167
1 3 130 129 171 169
1 3 129 128 172 171
1 3 171 172 173 174
1 3 169 171 174 170
1 3 170 174 175 176
1 3 174 173 177 175
1 3 175 177 178 179
1 3 176 175 179 180
1 3 181 176 180 182
1 3 168 170 176 181
1 3 164 168 181 162
1 3 162 181 182 163
1 3 163 182 183 184
1 3 184 183 185 186
1 3 183 187 188 185
1 3 182 180 187 183
1 3 180 179 189 187
1 3 179 178 190 189
1 3 189 190 191 192
1 3 187 189 192 188
1 3 188 192 193 194
1 3 192 191 195 193
1 3 193 195 1 196
1 3 194 193 196 197
1 3 198 194 197 199
1 3 185 188 194 198
1 3 186 185 198 200
1 3 200 198 199 201

boundary
64
13 1 12 14
13 1 10 12
13 1 11 10
13 1 9 11
13 1 8 9
13 1 7 8
13 1 6 7
13 1 5 6
13 1 4 5
13 1 3 4
13 1 30 2
13 1 2 3
13 1 32 30
13 1 35 32
13 1 37 35
13 1 45 37
13 1 47 45
13 1 50 47
13 1 52 50
13 1 13 70
13 1 14 13
13 1 70 71
13 1 71 72
13 1 72 75
13 1 75 76
13 1 76 78
13 1 78 94
13 1 94 95
13 1 95 96
13 1 96 101
13 1 101 102
13 1 102 0
13 1 0 104
13 1 104 105
13 1 105 109
13 1 109 110
13 1 110 122
13 1 122 123
13 1 123 127
13 1 127 128
13 1 148 52
13 1 152 148
13 1 154 152
13 1 155 156
13 1 156 154
13 1 158 155
13 1 161 158
13 1 163 161
13 1 128 172
13 1 172 173
13 1 173 177
13 1 177 178
13 1 184 163
13 1 186 184
13 1 178 190
13 1 190 191
13 1 191 195
13 1 195 1
13 1 1 196
13 1 196 197
13 1 197 199
13 1 200 186
13 1 199 201
13 1 201 200

vertices
202
2
0.75 0.5
0.75 0.75
0.5 0.625
0.5 0.609375
0.5 0.59375
0.5 0.578125
0.5 0.5625
0.5 0.546875
0.5 0.53125
0.515625 0.53125
0.53125 0.515625
0.53125 0.53125
0.546875 0.515625
0.5625 0.5
0.5625 0.515625
0.5625 0.53125
0.546875 0.53125
0.546875 0.546875
0.53125 0.546875
0.5625 0.546875
0.5625 0.5625
0.546875 0.5625
0.53125 0.5625
0.515625 0.546875
0.515625 0.5625
0.515625 0.578125
0.53125 0.578125
0.53125 0.59375
0.515625 0.59375
0.515625 0.609375
0.515625 0.625
0.53125 0.609375
0.53125 0.625
0.546875 0.59375
0.546875 0.609375
0.546875 0.625
0.5625 0.609375
0.5625 0.625
0.5625 0.59375
0.546875 0.578125
0.5625 0.578125
0.59375 0.5625
0.59375 0.59375
0.578125 0.59375
0.578125 0.609375
0.578125 0.625
0.59375 0.609375
0.59375 0.625
0.609375 0.59375
0.609375 0.609375
0.609375 0.625
0.625 0.609375
0.625 0.625
0.625 0.59375
0.609375 0.578125
0.625 0.578125
0.59375 0.578125
0.609375 0.5625
0.625 0.5625
0.609375 0.546875
0.625 0.546875
0.609375 0.53125
0.625 0.53125
0.59375 0.53125
0.59375 0.546875
0.578125 0.546875
0.578125 0.5625
0.578125 0.53125
0.578125 0.515625
0.59375 0.515625
0.578125 0.5
0.59375 0.5
0.609375 0.5
0.609375 0.515625
0.625 0.515625
0.625 0.5
0.640625 0.5
0.640625 0.515625
0.65625 0.5
0.65625 0.515625
0.65625 0.53125
0.640625 0.53125
0.640625 0.546875
0.640625 0.5625
0.65625 0.546875
0.65625 0.5625
0.671875 0.53125
0.671875 0.546875
0.671875 0.5625
0.6875 0.546875
0.6875 0.5625
0.6875 0.53125
0.671875 0.515625
0.6875 0.515625
0.671875 0.5
0.6875 0.5
0.703125 0.5
0.703125 0.515625
0.703125 0.53125
0.71875 0.515625
0.71875 0.53125
0.71875 0.5
0.734375 0.5
0.734375 0.515625
0.75 0.515625
0.75 0.53125
0.734375 0.53125
0.734375 0.546875
0.71875 0.546875
0.75 0.546875
0.75 0.5625
0.734375 0.5625
0.71875 0.5625
0.703125 0.546875
0.703125 0.5625
0.703125 0.578125
0.6875 0.578125
0.703125 0.59375
0.6875 0.59375
0.71875 0.578125
0.71875 0.59375
0.734375 0.578125
0.75 0.578125
0.75 0.59375
0.734375 0.59375
0.734375 0.609375
0.71875 0.609375
0.75 0.609375
0.75 0.625
0.734375 0.625
0.71875 0.625
0.703125 0.609375
0.703125 0.625
0.6875 0.609375
0.6875 0.625
0.671875 0.609375
0.671875 0.625
0.65625 0.609375
0.65625 0.625
0.65625 0.59375
0.671875 0.59375
0.671875 0.578125
0.65625 0.578125
0.640625 0.578125
0.640625 0.59375
0.640625 0.609375
0.640625 0.625
0.640625 0.640625
0.625 0.640625
0.65625 0.640625
0.65625 0.65625
0.640625 0.65625
0.625 0.65625
0.640625 0.671875
0.625 0.671875
0.640625 0.6875
0.625 0.6875
0.65625 0.671875
0.65625 0.6875
0.671875 0.65625
0.671875 0.671875
0.671875 0.6875
0.6875 0.671875
0.6875 0.6875
0.6875 0.65625
0.671875 0.640625
0.6875 0.640625
0.703125 0.640625
0.703125 0.65625
0.71875 0.640625
0.71875 0.65625
0.734375 0.640625
0.75 0.640625
0.75 0.65625
0.734375 0.65625
0.734375 0.671875
0.71875 0.671875
0.75 0.671875
0.75 0.6875
0.734375 0.6875
0.71875 0.6875
0.703125 0.671875
0.703125 0.6875
0.703125 0.703125
0.6875 0.703125
0.703125 0.71875
0.6875 0.71875
0.71875 0.703125
0.71875 0.71875
0.734375 0.703125
0.75 0.703125
0.75 0.71875
0.734375 0.71875
0.734375 0.734375
0.71875 0.734375
0.75 0.734375
0.734375 0.75
0.71875 0.75
0.703125 0.734375
0.703125 0.75
0.6875 0.734375
0.6875 0.75
