MFEM mesh v1.0

#
# MFEM Geometry Types (see mesh/geom.hpp):
#
# POINT       = 0
# SEGMENT     = 1
# TRIANGLE    = 2
# SQUARE      = 3
# TETRAHEDRON = 4
# CUBE        = 5
# PRISM       = 6
#

dimension
2

elements
256
1 3 0 34 35 33
1 3 33 35 36 32
1 3 35 37 38 36
1 3 34 39 37 35
1 3 39 40 41 37
1 3 40 42 43 41
1 3 41 43 44 45
1 3 37 41 45 38
1 3 38 45 46 47
1 3 45 44 48 46
1 3 46 48 49 50
1 3 47 46 50 51
1 3 52 47 51 53
1 3 36 38 47 52
1 3 32 36 52 31
1 3 31 52 53 30
1 3 30 53 54 29
1 3 53 51 55 54
1 3 54 55 56 57
1 3 29 54 57 28
1 3 28 57 58 27
1 3 27 58 59 26
1 3 58 60 61 59
1 3 57 56 60 58
1 3 56 62 63 60
1 3 60 63 64 61
1 3 63 65 66 64
1 3 62 67 65 63
1 3 68 69 67 62
1 3 55 68 62 56
1 3 51 50 68 55
1 3 50 49 69 68
1 3 49 70 71 69
1 3 70 72 73 71
1 3 71 73 74 75
1 3 69 71 75 67
1 3 67 75 76 65
1 3 65 76 77 66
1 3 76 78 79 77
1 3 75 74 78 76
1 3 74 80 81 78
1 3 78 81 82 79
1 3 81 83 84 82
1 3 80 85 83 81
1 3 86 87 85 80
1 3 73 86 80 74
1 3 72 88 86 73
1 3 88 89 87 86
1 3 90 91 89 88
1 3 92 93 91 90
1 3 94 92 90 95
1 3 95 90 88 72
1 3 96 95 72 70
1 3 48 96 70 49
1 3 44 97 96 48
1 3 97 94 95 96
1 3 98 99 94 97
1 3 43 98 97 44
1 3 42 100 98 43
1 3 100 101 99 98
1 3 101 102 103 99
1 3 99 103 92 94
1 3 103 104 93 92
1 3 102 105 104 103
1 3 105 106 107 104
1 3 106 108 109 107
1 3 107 109 110 111
1 3 104 107 111 93
1 3 93 111 112 91
1 3 91 112 113 89
1 3 112 114 115 113
1 3 111 110 114 112
1 3 110 116 117 114
1 3 114 117 118 115
1 3 117 119 120 118
1 3 116 121 119 117
1 3 122 123 121 116
1 3 109 122 116 110
1 3 108 124 122 109
1 3 124 125 123 122
1 3 125 126 127 123
1 3 123 127 128 121
1 3 127 129 130 128
1 3 126 131 129 127
1 3 131 132 133 129
1 3 132 1 134 133
1 3 133 134 135 136
1 3 129 133 136 130
1 3 130 136 137 138
1 3 136 135 139 137
1 3 137 139 140 141
1 3 138 137 141 142
1 3 143 138 142 144
1 3 128 130 138 143
1 3 121 128 143 119
1 3 119 143 144 120
1 3 120 144 145 146
1 3 146 145 147 148
1 3 145 149 150 147
1 3 144 142 149 145
1 3 142 141 151 149
1 3 141 140 152 151
1 3 151 152 153 154
1 3 149 151 154 150
1 3 150 154 155 156
1 3 154 153 157 155
1 3 155 157 158 159
1 3 156 155 159 160
1 3 161 156 160 162
1 3 147 150 156 161
1 3 148 147 161 163
1 3 163 161 162 164
1 3 165 163 164 166
1 3 167 165 166 168
1 3 169 170 165 167
1 3 170 148 163 165
1 3 171 146 148 170
1 3 118 120 146 171
1 3 115 118 171 172
1 3 172 171 170 169
1 3 173 172 169 174
1 3 113 115 172 173
1 3 89 113 173 87
1 3 87 173 174 85
1 3 85 174 175 83
1 3 174 169 167 175
1 3 175 167 168 176
1 3 83 175 176 84
1 3 84 176 177 178
1 3 176 168 179 177
1 3 177 179 180 181
1 3 178 177 181 182
1 3 182 181 183 184
1 3 184 183 185 186
1 3 183 187 188 185
1 3 181 180 187 183
1 3 180 189 190 187
1 3 187 190 191 188
1 3 190 192 193 191
1 3 189 194 192 190
1 3 195 196 194 189
1 3 179 195 189 180
1 3 168 166 195 179
1 3 166 164 196 195
1 3 164 162 197 196
1 3 196 197 198 194
1 3 197 199 200 198
1 3 162 160 199 197
1 3 160 159 201 199
1 3 159 158 202 201
1 3 201 202 203 204
1 3 199 201 204 200
1 3 200 204 205 206
1 3 204 203 207 205
1 3 205 207 208 209
1 3 206 205 209 210
1 3 211 206 210 212
1 3 198 200 206 211
1 3 194 198 211 192
1 3 192 211 212 193
1 3 193 212 213 214
1 3 214 213 215 216
1 3 213 217 218 215
1 3 212 210 217 213
1 3 210 209 219 217
1 3 209 208 220 219
1 3 219 220 221 222
1 3 217 219 222 218
1 3 218 222 223 224
1 3 222 221 225 223
1 3 223 225 3 4
1 3 224 223 4 5
1 3 226 224 5 6
1 3 215 218 224 226
1 3 216 215 226 227
1 3 227 226 6 7
1 3 228 227 7 8
1 3 229 228 8 9
1 3 230 231 228 229
1 3 231 216 227 228
1 3 232 214 216 231
1 3 191 193 214 232
1 3 188 191 232 233
1 3 233 232 231 230
1 3 234 233 230 235
1 3 185 188 233 234
1 3 186 185 234 236
1 3 236 234 235 237
1 3 237 235 238 239
1 3 235 230 229 238
1 3 238 229 9 10
1 3 239 238 10 11
1 3 240 239 11 12
1 3 241 237 239 240
1 3 242 241 240 243
1 3 243 240 12 13
1 3 244 243 13 14
1 3 245 244 14 15
1 3 246 247 244 245
1 3 247 242 243 244
1 3 248 249 242 247
1 3 250 248 247 246
1 3 251 252 248 250
1 3 252 253 249 248
1 3 253 254 255 249
1 3 249 255 241 242
1 3 255 236 237 241
1 3 254 186 236 255
1 3 256 184 186 254
1 3 257 256 254 253
1 3 258 259 256 257
1 3 259 182 184 256
1 3 260 178 182 259
1 3 82 84 178 260
1 3 79 82 260 261
1 3 261 260 259 258
1 3 262 261 258 263
1 3 77 79 261 262
1 3 66 77 262 264
1 3 264 262 263 265
1 3 265 263 266 267
1 3 263 258 257 266
1 3 266 257 253 252
1 3 267 266 252 251
1 3 268 267 251 269
1 3 270 268 269 271
1 3 272 273 268 270
1 3 273 265 267 268
1 3 274 264 265 273
1 3 64 66 264 274
1 3 61 64 274 275
1 3 275 274 273 272
1 3 276 275 272 277
1 3 59 61 275 276
1 3 26 59 276 25
1 3 25 276 277 24
1 3 24 277 278 23
1 3 277 272 270 278
1 3 278 270 271 279
1 3 23 278 279 22
1 3 22 279 280 21
1 3 21 280 281 20
1 3 280 282 283 281
1 3 279 271 282 280
1 3 271 269 284 282
1 3 269 251 250 284
1 3 284 250 246 285
1 3 282 284 285 283
1 3 283 285 286 287
1 3 285 246 245 286
1 3 286 245 15 16
1 3 287 286 16 17
1 3 288 287 17 18
1 3 281 283 287 288
1 3 20 281 288 19
1 3 19 288 18 2

boundary
64
1 1 0 34
1 1 34 39
1 1 39 40
1 1 40 42
1 1 42 100
1 1 100 101
1 1 101 102
1 1 102 105
1 1 105 106
1 1 106 108
1 1 108 124
1 1 124 125
1 1 125 126
1 1 126 131
1 1 131 132
1 1 132 1
2 1 1 134
2 1 134 135
2 1 135 139
2 1 139 140
2 1 140 152
2 1 152 153
2 1 153 157
2 1 157 158
2 1 158 202
2 1 202 203
2 1 203 207
2 1 207 208
2 1 208 220
2 1 220 221
2 1 221 225
2 1 225 3
20 1 33 0
20 1 32 33
20 1 31 32
20 1 30 31
20 1 29 30
20 1 28 29
20 1 27 28
20 1 26 27
20 1 3 4
20 1 4 5
20 1 5 6
20 1 6 7
20 1 7 8
20 1 8 9
20 1 9 10
20 1 10 11
20 1 11 12
20 1 12 13
20 1 13 14
20 1 14 15
20 1 25 26
20 1 24 25
20 1 23 24
20 1 22 23
20 1 21 22
20 1 20 21
20 1 15 16
20 1 16 17
20 1 17 18
20 1 19 20
20 1 18 2
20 1 2 19

vertices
289
2
0.75 0
1 0
0.75 0.25
1 0.25
0.984375 0.25
0.96875 0.25
0.953125 0.25
0.9375 0.25
0.921875 0.25
0.90625 0.25
0.890625 0.25
0.875 0.25
0.859375 0.25
0.84375 0.25
0.828125 0.25
0.8125 0.25
0.796875 0.25
0.78125 0.25
0.765625 0.25
0.75 0.234375
0.75 0.21875
0.75 0.203125
0.75 0.1875
0.75 0.171875
0.75 0.15625
0.75 0.140625
0.75 0.125
0.75 0.109375
0.75 0.09375
0.75 0.078125
0.75 0.0625
0.75 0.046875
0.75 0.03125
0.75 0.015625
0.765625 0
0.765625 0.015625
0.765625 0.03125
0.78125 0.015625
0.78125 0.03125
0.78125 0
0.796875 0
0.796875 0.015625
0.8125 0
0.8125 0.015625
0.8125 0.03125
0.796875 0.03125
0.796875 0.046875
0.78125 0.046875
0.8125 0.046875
0.8125 0.0625
0.796875 0.0625
0.78125 0.0625
0.765625 0.046875
0.765625 0.0625
0.765625 0.078125
0.78125 0.078125
0.78125 0.09375
0.765625 0.09375
0.765625 0.109375
0.765625 0.125
0.78125 0.109375
0.78125 0.125
0.796875 0.09375
0.796875 0.109375
0.796875 0.125
0.8125 0.109375
0.8125 0.125
0.8125 0.09375
0.796875 0.078125
0.8125 0.078125
0.828125 0.0625
0.828125 0.078125
0.84375 0.0625
0.84375 0.078125
0.84375 0.09375
0.828125 0.09375
0.828125 0.109375
0.828125 0.125
0.84375 0.109375
0.84375 0.125
0.859375 0.09375
0.859375 0.109375
0.859375 0.125
0.875 0.109375
0.875 0.125
0.875 0.09375
0.859375 0.078125
0.875 0.078125
0.859375 0.0625
0.875 0.0625
0.859375 0.046875
0.875 0.046875
0.859375 0.03125
0.875 0.03125
0.84375 0.03125
0.84375 0.046875
0.828125 0.046875
0.828125 0.03125
0.828125 0.015625
0.84375 0.015625
0.828125 0
0.84375 0
0.859375 0
0.859375 0.015625
0.875 0.015625
0.875 0
0.890625 0
0.890625 0.015625
0.90625 0
0.90625 0.015625
0.90625 0.03125
0.890625 0.03125
0.890625 0.046875
0.890625 0.0625
0.90625 0.046875
0.90625 0.0625
0.921875 0.03125
0.921875 0.046875
0.921875 0.0625
0.9375 0.046875
0.9375 0.0625
0.9375 0.03125
0.921875 0.015625
0.9375 0.015625
0.921875 0
0.9375 0
0.953125 0
0.953125 0.015625
0.953125 0.03125
0.96875 0.015625
0.96875 0.03125
0.96875 0
0.984375 0
0.984375 0.015625
1 0.015625
1 0.03125
0.984375 0.03125
0.984375 0.046875
0.96875 0.046875
1 0.046875
1 0.0625
0.984375 0.0625
0.96875 0.0625
0.953125 0.046875
0.953125 0.0625
0.953125 0.078125
0.9375 0.078125
0.953125 0.09375
0.9375 0.09375
0.96875 0.078125
0.96875 0.09375
0.984375 0.078125
1 0.078125
1 0.09375
0.984375 0.09375
0.984375 0.109375
0.96875 0.109375
1 0.109375
1 0.125
0.984375 0.125
0.96875 0.125
0.953125 0.109375
0.953125 0.125
0.9375 0.109375
0.9375 0.125
0.921875 0.109375
0.921875 0.125
0.90625 0.109375
0.90625 0.125
0.90625 0.09375
0.921875 0.09375
0.921875 0.078125
0.90625 0.078125
0.890625 0.078125
0.890625 0.09375
0.890625 0.109375
0.890625 0.125
0.890625 0.140625
0.875 0.140625
0.90625 0.140625
0.90625 0.15625
0.890625 0.15625
0.875 0.15625
0.890625 0.171875
0.875 0.171875
0.890625 0.1875
0.875 0.1875
0.90625 0.171875
0.90625 0.1875
0.921875 0.15625
0.921875 0.171875
0.921875 0.1875
0.9375 0.171875
0.9375 0.1875
0.9375 0.15625
0.921875 0.140625
0.9375 0.140625
0.953125 0.140625
0.953125 0.15625
0.96875 0.140625
0.96875 0.15625
0.984375 0.140625
1 0.140625
1 0.15625
0.984375 0.15625
0.984375 0.171875
0.96875 0.171875
1 0.171875
1 0.1875
0.984375 0.1875
0.96875 0.1875
0.953125 0.171875
0.953125 0.1875
0.953125 0.203125
0.9375 0.203125
0.953125 0.21875
0.9375 0.21875
0.96875 0.203125
0.96875 0.21875
0.984375 0.203125
1 0.203125
1 0.21875
0.984375 0.21875
0.984375 0.234375
0.96875 0.234375
1 0.234375
0.953125 0.234375
0.9375 0.234375
0.921875 0.234375
0.90625 0.234375
0.90625 0.21875
0.921875 0.21875
0.921875 0.203125
0.90625 0.203125
0.890625 0.203125
0.890625 0.21875
0.875 0.203125
0.875 0.21875
0.890625 0.234375
0.875 0.234375
0.859375 0.234375
0.859375 0.21875
0.84375 0.21875
0.84375 0.234375
0.828125 0.234375
0.8125 0.234375
0.8125 0.21875
0.828125 0.21875
0.828125 0.203125
0.84375 0.203125
0.8125 0.203125
0.8125 0.1875
0.828125 0.1875
0.84375 0.1875
0.859375 0.1875
0.859375 0.203125
0.859375 0.171875
0.84375 0.171875
0.84375 0.15625
0.859375 0.15625
0.859375 0.140625
0.84375 0.140625
0.828125 0.140625
0.828125 0.15625
0.8125 0.140625
0.8125 0.15625
0.828125 0.171875
0.8125 0.171875
0.796875 0.171875
0.796875 0.1875
0.78125 0.171875
0.78125 0.1875
0.78125 0.15625
0.796875 0.15625
0.796875 0.140625
0.78125 0.140625
0.765625 0.140625
0.765625 0.15625
0.765625 0.171875
0.765625 0.1875
0.765625 0.203125
0.765625 0.21875
0.78125 0.203125
0.78125 0.21875
0.796875 0.203125
0.796875 0.21875
0.796875 0.234375
0.78125 0.234375
0.765625 0.234375
