MFEM mesh v1.0

#
# MFEM Geometry Types (see mesh/geom.hpp):
#
# POINT       = 0
# SEGMENT     = 1
# TRIANGLE    = 2
# SQUARE      = 3
# TETRAHEDRON = 4
# CUBE        = 5
# PRISM       = 6
#

dimension
2

elements
282
1 3 36 45 40 37
1 3 35 47 45 36
1 3 47 48 46 45
1 3 49 50 48 47
1 3 51 52 50 49
1 3 53 51 49 54
1 3 54 49 47 35
1 3 55 54 35 34
1 3 28 55 34 29
1 3 27 56 55 28
1 3 56 53 54 55
1 3 57 58 53 56
1 3 26 57 56 27
1 3 25 59 57 26
1 3 59 60 58 57
1 3 60 61 62 58
1 3 58 62 51 53
1 3 62 63 52 51
1 3 61 64 63 62
1 3 64 65 66 63
1 3 65 67 68 66
1 3 66 68 69 70
1 3 63 66 70 52
1 3 52 70 71 50
1 3 50 71 72 48
1 3 71 73 74 72
1 3 70 69 73 71
1 3 69 75 76 73
1 3 73 76 77 74
1 3 76 78 79 77
1 3 75 80 78 76
1 3 81 82 80 75
1 3 68 81 75 69
1 3 67 83 81 68
1 3 83 84 82 81
1 3 84 85 86 82
1 3 82 86 87 80
1 3 86 88 89 87
1 3 85 90 88 86
1 3 90 91 92 89
1 3 89 92 93 94
1 3 95 96 94 97
1 3 87 89 96 95
1 3 80 87 95 78
1 3 78 95 97 79
1 3 79 97 98 99
1 3 99 98 100 101
1 3 98 102 103 100
1 3 97 94 102 98
1 3 94 104 105 102
1 3 104 93 106 105
1 3 105 106 107 108
1 3 102 105 108 103
1 3 103 108 109 110
1 3 108 107 111 109
1 3 109 111 112 113
1 3 110 109 113 114
1 3 115 110 114 116
1 3 100 103 110 115
1 3 101 100 115 117
1 3 117 115 116 118
1 3 119 117 118 120
1 3 121 119 120 122
1 3 123 124 119 121
1 3 124 101 117 119
1 3 125 99 101 124
1 3 77 79 99 125
1 3 74 77 125 126
1 3 126 125 124 123
1 3 127 126 123 128
1 3 72 74 126 127
1 3 48 72 127 46
1 3 46 127 128 44
1 3 44 128 129 42
1 3 128 123 121 129
1 3 129 121 122 130
1 3 42 129 130 43
1 3 43 130 131 132
1 3 130 122 133 131
1 3 131 133 134 135
1 3 132 131 135 136
1 3 136 135 137 138
1 3 138 137 139 140
1 3 137 141 142 139
1 3 135 134 141 137
1 3 134 143 144 141
1 3 141 144 145 142
1 3 144 146 147 145
1 3 143 148 146 144
1 3 149 150 148 143
1 3 133 149 143 134
1 3 122 120 149 133
1 3 120 118 150 149
1 3 118 114 151 148
1 3 114 112 152 151
1 3 151 152 153 154
1 3 148 151 154 147
1 3 147 154 155 156
1 3 154 153 157 155
1 3 155 157 158 159
1 3 156 155 159 160
1 3 161 162 160 163
1 3 164 161 163 165
1 3 166 167 161 164
1 3 167 156 162 161
1 3 168 169 156 167
1 3 145 147 169 168
1 3 142 145 168 170
1 3 170 168 167 166
1 3 171 170 166 172
1 3 139 142 170 171
1 3 140 139 171 173
1 3 173 171 172 174
1 3 174 172 175 176
1 3 172 166 164 175
1 3 175 164 165 177
1 3 176 175 177 178
1 3 179 176 178 180
1 3 181 174 176 179
1 3 182 181 179 183
1 3 183 179 180 184
1 3 185 183 184 186
1 3 187 185 186 188
1 3 189 190 185 187
1 3 190 182 183 185
1 3 191 192 182 190
1 3 193 191 190 189
1 3 194 195 191 193
1 3 195 196 192 191
1 3 196 197 198 192
1 3 192 198 181 182
1 3 198 173 174 181
1 3 197 140 173 198
1 3 199 138 140 197
1 3 200 199 197 196
1 3 201 202 199 200
1 3 202 136 138 199
1 3 203 132 136 202
1 3 41 43 132 203
1 3 39 41 203 204
1 3 204 203 202 201
1 3 205 204 201 206
1 3 38 39 204 205
1 3 33 38 205 207
1 3 207 205 206 208
1 3 208 206 209 210
1 3 206 201 200 209
1 3 209 200 196 195
1 3 210 209 195 194
1 3 211 210 194 212
1 3 213 211 212 214
1 3 215 216 211 213
1 3 216 208 210 211
1 3 217 207 208 216
1 3 32 33 207 217
1 3 31 32 217 218
1 3 218 217 216 215
1 3 219 218 215 220
1 3 30 31 218 219
1 3 24 30 219 23
1 3 23 219 220 22
1 3 22 220 221 21
1 3 220 215 213 221
1 3 221 213 214 222
1 3 21 221 222 20
1 3 20 222 223 19
1 3 19 223 224 18
1 3 223 225 226 224
1 3 222 214 225 223
1 3 214 212 227 225
1 3 212 194 193 227
1 3 227 193 189 228
1 3 225 227 228 226
1 3 226 228 229 230
1 3 228 189 187 229
1 3 229 187 188 231
1 3 230 229 231 232
1 3 233 230 232 234
1 3 224 226 230 233
1 3 18 224 233 17
1 3 17 233 234 16
1 3 16 234 235 15
1 3 234 232 236 235
1 3 235 236 237 238
1 3 15 235 238 14
1 3 14 238 239 13
1 3 13 239 240 12
1 3 239 241 242 240
1 3 238 237 241 239
1 3 237 243 244 241
1 3 241 244 245 242
1 3 244 246 247 245
1 3 243 248 246 244
1 3 249 250 248 243
1 3 236 249 243 237
1 3 232 231 249 236
1 3 231 188 250 249
1 3 188 186 251 250
1 3 250 251 252 248
1 3 251 253 254 252
1 3 186 184 253 251
1 3 184 180 255 253
1 3 180 178 256 255
1 3 255 256 257 258
1 3 253 255 258 254
1 3 254 258 259 260
1 3 258 257 261 259
1 3 259 261 262 263
1 3 260 259 263 264
1 3 265 260 264 266
1 3 252 254 260 265
1 3 248 252 265 246
1 3 246 265 266 247
1 3 247 266 267 268
1 3 268 267 269 270
1 3 267 271 272 269
1 3 266 264 271 267
1 3 264 263 273 271
1 3 263 262 274 273
1 3 273 274 275 276
1 3 271 273 276 272
1 3 272 276 277 278
1 3 276 275 279 277
1 3 277 279 280 281
1 3 278 277 281 282
1 3 283 278 282 284
1 3 269 272 278 283
1 3 270 269 283 285
1 3 285 283 284 286
1 3 287 285 286 288
1 3 289 287 288 290
1 3 291 292 287 289
1 3 292 270 285 287
1 3 293 268 270 292
1 3 245 247 268 293
1 3 242 245 293 294
1 3 294 293 292 291
1 3 295 294 291 296
1 3 240 242 294 295
1 3 12 240 295 11
1 3 11 295 296 10
1 3 10 296 297 9
1 3 296 291 289 297
1 3 297 289 290 298
1 3 9 297 298 8
1 3 8 298 299 7
1 3 7 299 300 6
1 3 299 301 302 300
1 3 298 290 301 299
1 3 290 288 303 301
1 3 288 286 304 303
1 3 303 304 305 306
1 3 301 303 306 302
1 3 302 306 307 308
1 3 306 305 309 307
1 3 307 309 310 311
1 3 308 307 311 312
1 3 313 308 312 314
1 3 300 302 308 313
1 3 6 300 313 5
1 3 5 313 314 4
1 3 4 314 315 3
1 3 314 312 316 315
1 3 315 316 317 318
1 3 3 315 318 2
1 3 2 318 319 0
1 3 0 319 320 1
1 3 319 321 322 320
1 3 318 317 321 319
1 3 317 323 324 321
1 3 321 324 325 322
1 3 324 326 327 325
1 3 323 328 326 324
1 3 329 330 328 323
1 3 316 329 323 317
1 3 312 311 329 316
1 3 311 310 330 329
1 3 310 331 332 330
1 3 331 333 334 332
1 3 332 334 335 336
1 3 330 332 336 328
1 3 328 336 337 326

boundary
101
3 1 320 1
3 1 322 320
3 1 325 322
3 1 327 325
8 1 45 40
8 1 40 37
8 1 37 36
8 1 36 35
8 1 46 45
8 1 35 34
8 1 34 29
8 1 29 28
8 1 28 27
8 1 27 26
8 1 25 59
8 1 26 25
8 1 59 60
8 1 60 61
8 1 61 64
8 1 64 65
8 1 65 67
8 1 67 83
8 1 83 84
8 1 90 91
8 1 93 106
8 1 106 107
8 1 107 111
8 1 111 112
8 1 44 46
8 1 42 44
8 1 43 42
8 1 112 152
8 1 152 153
8 1 153 157
8 1 157 158
8 1 159 160
8 1 160 163
8 1 163 165
8 1 165 177
8 1 177 178
8 1 41 43
8 1 39 41
8 1 38 39
8 1 33 38
8 1 32 33
8 1 31 32
8 1 30 31
8 1 24 30
8 1 23 24
8 1 22 23
8 1 21 22
8 1 20 21
8 1 19 20
8 1 18 19
8 1 17 18
8 1 16 17
8 1 15 16
8 1 14 15
8 1 13 14
8 1 12 13
8 1 178 256
8 1 256 257
8 1 257 261
8 1 261 262
8 1 262 274
8 1 274 275
8 1 275 279
8 1 279 280
8 1 280 281
8 1 281 282
8 1 282 284
8 1 284 286
8 1 11 12
8 1 10 11
8 1 9 10
8 1 8 9
8 1 7 8
8 1 6 7
8 1 286 304
8 1 304 305
8 1 305 309
8 1 309 310
8 1 5 6
8 1 4 5
8 1 3 4
8 1 2 3
8 1 0 2
8 1 1 0
8 1 326 327
8 1 310 331
8 1 331 333
8 1 333 334
8 1 334 335
8 1 335 336
8 1 336 337
8 1 337 326
8 1 91 92
8 1 92 93
8 1 158 159
8 1 85 90
8 1 84 85

vertices
338
2
0.96875 0.49804688
0.96875 0.5
0.96875 0.49609375
0.96875 0.49414062
0.96875 0.4921875
0.96875 0.49023438
0.96875 0.48828125
0.96875 0.48632812
0.96875 0.484375
0.96875 0.48242188
0.96875 0.48046875
0.96875 0.47851562
0.96875 0.4765625
0.96875 0.47460938
0.96875 0.47265625
0.96875 0.47070312
0.96875 0.46875
0.96875 0.46679688
0.96875 0.46484375
0.96875 0.46289062
0.96875 0.4609375
0.96875 0.45898438
0.96875 0.45703125
0.96875 0.45507812
0.96875 0.453125
0.97265625 0.4375
0.97265625 0.43945312
0.97265625 0.44140625
0.97265625 0.44335938
0.97265625 0.4453125
0.96972656 0.453125
0.97070312 0.453125
0.97167969 0.453125
0.97265625 0.453125
0.97363281 0.4453125
0.97460938 0.4453125
0.97460938 0.44726562
0.97460938 0.44921875
0.97363281 0.453125
0.97460938 0.453125
0.97558594 0.44921875
0.97558594 0.453125
0.9765625 0.45117188
0.9765625 0.453125
0.9765625 0.44921875
0.97558594 0.44726562
0.9765625 0.44726562
0.97558594 0.4453125
0.9765625 0.4453125
0.97558594 0.44335938
0.9765625 0.44335938
0.97558594 0.44140625
0.9765625 0.44140625
0.97460938 0.44140625
0.97460938 0.44335938
0.97363281 0.44335938
0.97363281 0.44140625
0.97363281 0.43945312
0.97460938 0.43945312
0.97363281 0.4375
0.97460938 0.4375
0.97558594 0.4375
0.97558594 0.43945312
0.9765625 0.43945312
0.9765625 0.4375
0.97753906 0.4375
0.97753906 0.43945312
0.97851562 0.4375
0.97851562 0.43945312
0.97851562 0.44140625
0.97753906 0.44140625
0.97753906 0.44335938
0.97753906 0.4453125
0.97851562 0.44335938
0.97851562 0.4453125
0.97949219 0.44140625
0.97949219 0.44335938
0.97949219 0.4453125
0.98046875 0.44335938
0.98046875 0.4453125
0.98046875 0.44140625
0.97949219 0.43945312
0.98046875 0.43945312
0.97949219 0.4375
0.98046875 0.4375
0.98144531 0.4375
0.98144531 0.43945312
0.98144531 0.44140625
0.98242188 0.43945312
0.98242188 0.44140625
0.98242188 0.4375
0.984375 0.4375
0.984375 0.44140625
0.984375 0.4453125
0.98242188 0.4453125
0.98144531 0.44335938
0.98242188 0.44335938
0.98144531 0.4453125
0.98144531 0.44726562
0.98046875 0.44726562
0.98144531 0.44921875
0.98046875 0.44921875
0.98242188 0.44726562
0.98242188 0.44921875
0.98339844 0.4453125
0.98339844 0.44726562
0.984375 0.44726562
0.984375 0.44921875
0.98339844 0.44921875
0.98339844 0.45117188
0.98242188 0.45117188
0.984375 0.45117188
0.984375 0.453125
0.98339844 0.453125
0.98242188 0.453125
0.98144531 0.45117188
0.98144531 0.453125
0.98046875 0.45117188
0.98046875 0.453125
0.97949219 0.45117188
0.97949219 0.453125
0.97851562 0.45117188
0.97851562 0.453125
0.97851562 0.44921875
0.97949219 0.44921875
0.97949219 0.44726562
0.97851562 0.44726562
0.97753906 0.44726562
0.97753906 0.44921875
0.97753906 0.45117188
0.97753906 0.453125
0.97753906 0.45507812
0.9765625 0.45507812
0.97851562 0.45507812
0.97851562 0.45703125
0.97753906 0.45703125
0.9765625 0.45703125
0.97753906 0.45898438
0.9765625 0.45898438
0.97753906 0.4609375
0.9765625 0.4609375
0.97851562 0.45898438
0.97851562 0.4609375
0.97949219 0.45703125
0.97949219 0.45898438
0.97949219 0.4609375
0.98046875 0.45898438
0.98046875 0.4609375
0.98046875 0.45703125
0.97949219 0.45507812
0.98046875 0.45507812
0.98242188 0.45703125
0.984375 0.45703125
0.984375 0.4609375
0.98242188 0.4609375
0.98242188 0.46484375
0.98046875 0.46484375
0.984375 0.46484375
0.984375 0.46875
0.98242188 0.46875
0.98046875 0.46875
0.97949219 0.46679688
0.98046875 0.46679688
0.97949219 0.46875
0.97851562 0.46679688
0.97851562 0.46875
0.97851562 0.46484375
0.97949219 0.46484375
0.97949219 0.46289062
0.98046875 0.46289062
0.97851562 0.46289062
0.97753906 0.46289062
0.97753906 0.46484375
0.9765625 0.46289062
0.9765625 0.46484375
0.97753906 0.46679688
0.9765625 0.46679688
0.97753906 0.46875
0.9765625 0.46875
0.97558594 0.46679688
0.97558594 0.46875
0.97558594 0.46484375
0.97460938 0.46484375
0.97460938 0.46679688
0.97460938 0.46875
0.97363281 0.46679688
0.97363281 0.46875
0.97265625 0.46679688
0.97265625 0.46875
0.97265625 0.46484375
0.97363281 0.46484375
0.97363281 0.46289062
0.97460938 0.46289062
0.97265625 0.46289062
0.97265625 0.4609375
0.97363281 0.4609375
0.97460938 0.4609375
0.97558594 0.4609375
0.97558594 0.46289062
0.97558594 0.45898438
0.97460938 0.45898438
0.97460938 0.45703125
0.97558594 0.45703125
0.97558594 0.45507812
0.97460938 0.45507812
0.97363281 0.45507812
0.97363281 0.45703125
0.97265625 0.45507812
0.97265625 0.45703125
0.97363281 0.45898438
0.97265625 0.45898438
0.97167969 0.45898438
0.97167969 0.4609375
0.97070312 0.45898438
0.97070312 0.4609375
0.97070312 0.45703125
0.97167969 0.45703125
0.97167969 0.45507812
0.97070312 0.45507812
0.96972656 0.45507812
0.96972656 0.45703125
0.96972656 0.45898438
0.96972656 0.4609375
0.96972656 0.46289062
0.96972656 0.46484375
0.97070312 0.46289062
0.97070312 0.46484375
0.97167969 0.46289062
0.97167969 0.46484375
0.97167969 0.46679688
0.97070312 0.46679688
0.97167969 0.46875
0.97070312 0.46875
0.96972656 0.46679688
0.96972656 0.46875
0.96972656 0.47070312
0.97070312 0.47070312
0.97070312 0.47265625
0.96972656 0.47265625
0.96972656 0.47460938
0.96972656 0.4765625
0.97070312 0.47460938
0.97070312 0.4765625
0.97167969 0.47265625
0.97167969 0.47460938
0.97167969 0.4765625
0.97265625 0.47460938
0.97265625 0.4765625
0.97265625 0.47265625
0.97167969 0.47070312
0.97265625 0.47070312
0.97363281 0.47070312
0.97363281 0.47265625
0.97460938 0.47070312
0.97460938 0.47265625
0.97558594 0.47070312
0.9765625 0.47070312
0.9765625 0.47265625
0.97558594 0.47265625
0.97558594 0.47460938
0.97460938 0.47460938
0.9765625 0.47460938
0.9765625 0.4765625
0.97558594 0.4765625
0.97460938 0.4765625
0.97363281 0.47460938
0.97363281 0.4765625
0.97363281 0.47851562
0.97265625 0.47851562
0.97363281 0.48046875
0.97265625 0.48046875
0.97460938 0.47851562
0.97460938 0.48046875
0.97558594 0.47851562
0.9765625 0.47851562
0.9765625 0.48046875
0.97558594 0.48046875
0.97558594 0.48242188
0.97460938 0.48242188
0.9765625 0.48242188
0.9765625 0.484375
0.97558594 0.484375
0.97460938 0.484375
0.97363281 0.48242188
0.97363281 0.484375
0.97265625 0.48242188
0.97265625 0.484375
0.97167969 0.48242188
0.97167969 0.484375
0.97070312 0.48242188
0.97070312 0.484375
0.97070312 0.48046875
0.97167969 0.48046875
0.97167969 0.47851562
0.97070312 0.47851562
0.96972656 0.47851562
0.96972656 0.48046875
0.96972656 0.48242188
0.96972656 0.484375
0.96972656 0.48632812
0.96972656 0.48828125
0.97070312 0.48632812
0.97070312 0.48828125
0.97167969 0.48632812
0.97265625 0.48632812
0.97265625 0.48828125
0.97167969 0.48828125
0.97167969 0.49023438
0.97070312 0.49023438
0.97265625 0.49023438
0.97265625 0.4921875
0.97167969 0.4921875
0.97070312 0.4921875
0.96972656 0.49023438
0.96972656 0.4921875
0.96972656 0.49414062
0.97070312 0.49414062
0.97070312 0.49609375
0.96972656 0.49609375
0.96972656 0.49804688
0.96972656 0.5
0.97070312 0.49804688
0.97070312 0.5
0.97167969 0.49609375
0.97167969 0.49804688
0.97167969 0.5
0.97265625 0.49804688
0.97265625 0.5
0.97265625 0.49609375
0.97167969 0.49414062
0.97265625 0.49414062
0.97363281 0.4921875
0.97363281 0.49414062
0.97460938 0.4921875
0.97460938 0.49414062
0.97460938 0.49609375
0.97363281 0.49609375
0.97363281 0.49804688
