MFEM mesh v1.0

#
# MFEM Geometry Types (see mesh/geom.hpp):
#
# POINT       = 0
# SEGMENT     = 1
# TRIANGLE    = 2
# SQUARE      = 3
# TETRAHEDRON = 4
# CUBE        = 5
# PRISM       = 6
#

dimension
2

elements
186
1 3 19 18 24 20
1 3 18 17 25 24
1 3 17 26 27 25
1 3 26 28 29 27
1 3 27 29 30 31
1 3 25 27 31 23
1 3 23 31 32 21
1 3 21 32 33 22
1 3 32 34 35 33
1 3 31 30 34 32
1 3 30 36 37 34
1 3 34 37 38 35
1 3 37 39 40 38
1 3 36 41 39 37
1 3 42 43 41 36
1 3 29 42 36 30
1 3 28 44 42 29
1 3 44 45 43 42
1 3 46 47 45 44
1 3 48 49 47 46
1 3 50 48 46 51
1 3 51 46 44 28
1 3 52 51 28 26
1 3 16 52 26 17
1 3 15 53 52 16
1 3 53 50 51 52
1 3 54 55 50 53
1 3 14 54 53 15
1 3 13 12 54 14
1 3 12 11 55 54
1 3 11 10 56 55
1 3 55 56 48 50
1 3 56 57 49 48
1 3 10 9 57 56
1 3 9 8 58 57
1 3 8 7 59 58
1 3 58 59 60 61
1 3 57 58 61 49
1 3 49 61 62 47
1 3 47 62 63 45
1 3 62 64 65 63
1 3 61 60 64 62
1 3 60 66 67 64
1 3 64 67 68 65
1 3 67 69 70 68
1 3 66 71 69 67
1 3 72 73 71 66
1 3 59 72 66 60
1 3 7 6 72 59
1 3 6 5 73 72
1 3 5 4 74 73
1 3 73 74 75 71
1 3 74 76 77 75
1 3 4 3 76 74
1 3 3 2 78 76
1 3 2 0 79 78
1 3 78 79 80 81
1 3 76 78 81 77
1 3 77 81 82 83
1 3 81 80 84 82
1 3 82 84 85 86
1 3 83 82 86 87
1 3 88 83 87 89
1 3 75 77 83 88
1 3 71 75 88 69
1 3 69 88 89 70
1 3 70 87 90 91
1 3 87 86 92 93
1 3 86 85 94 92
1 3 92 94 95 96
1 3 93 92 96 90
1 3 90 96 97 98
1 3 96 95 99 97
1 3 97 99 100 101
1 3 98 97 101 102
1 3 103 98 102 104
1 3 105 90 98 103
1 3 91 105 103 106
1 3 106 103 104 107
1 3 108 106 107 109
1 3 110 108 109 111
1 3 112 113 108 110
1 3 113 91 106 108
1 3 114 115 91 113
1 3 68 70 115 114
1 3 65 68 114 116
1 3 116 114 113 112
1 3 117 116 112 118
1 3 63 65 116 117
1 3 45 63 117 43
1 3 43 117 118 41
1 3 41 118 119 39
1 3 118 112 110 119
1 3 119 110 111 120
1 3 39 119 120 40
1 3 40 120 121 122
1 3 120 111 123 121
1 3 121 123 124 125
1 3 122 121 125 126
1 3 126 125 127 128
1 3 128 127 129 130
1 3 127 131 132 129
1 3 125 124 131 127
1 3 124 133 134 131
1 3 131 134 135 132
1 3 134 136 137 135
1 3 133 138 136 134
1 3 139 140 138 133
1 3 123 139 133 124
1 3 111 109 139 123
1 3 109 107 140 139
1 3 107 104 141 140
1 3 140 141 142 138
1 3 141 143 144 142
1 3 104 102 143 141
1 3 102 101 145 143
1 3 101 100 146 145
1 3 145 146 147 148
1 3 143 145 148 144
1 3 144 148 149 150
1 3 148 147 151 149
1 3 149 151 152 153
1 3 150 149 153 154
1 3 155 150 154 156
1 3 142 144 150 155
1 3 138 142 155 136
1 3 136 155 156 137
1 3 137 156 157 158
1 3 158 157 159 160
1 3 157 161 162 159
1 3 156 154 161 157
1 3 154 153 163 161
1 3 153 152 164 163
1 3 163 164 165 166
1 3 161 163 166 162
1 3 162 166 167 168
1 3 166 165 169 167
1 3 167 169 1 170
1 3 168 167 170 171
1 3 172 168 171 173
1 3 159 162 168 172
1 3 160 159 172 174
1 3 174 172 173 175
1 3 176 174 175 177
1 3 178 176 177 179
1 3 180 181 176 178
1 3 181 160 174 176
1 3 182 158 160 181
1 3 135 137 158 182
1 3 132 135 182 183
1 3 183 182 181 180
1 3 184 183 180 185
1 3 129 132 183 184
1 3 130 129 184 186
1 3 186 184 185 187
1 3 187 185 188 189
1 3 185 180 178 188
1 3 188 178 179 190
1 3 189 188 190 191
1 3 192 189 191 193
1 3 194 187 189 192
1 3 195 194 192 196
1 3 196 192 193 197
1 3 198 196 197 199
1 3 200 198 199 201
1 3 202 203 198 200
1 3 203 195 196 198
1 3 204 205 195 203
1 3 206 204 203 202
1 3 207 208 204 206
1 3 208 209 205 204
1 3 209 210 211 205
1 3 205 211 194 195
1 3 211 186 187 194
1 3 210 130 186 211
1 3 212 128 130 210
1 3 213 212 210 209
1 3 214 215 212 213
1 3 215 126 128 212
1 3 216 122 126 215
1 3 38 40 122 216
1 3 35 38 216 217
1 3 217 216 215 214
1 3 218 217 214 219
1 3 33 35 217 218
1 3 22 33 218 220

boundary
64
7 1 19 18
7 1 24 20
7 1 20 19
7 1 18 17
7 1 25 24
7 1 23 25
7 1 21 23
7 1 22 21
7 1 17 16
7 1 16 15
7 1 15 14
7 1 13 12
7 1 14 13
7 1 12 11
7 1 11 10
7 1 10 9
7 1 9 8
7 1 8 7
7 1 7 6
7 1 6 5
7 1 5 4
7 1 4 3
7 1 3 2
7 1 2 0
7 1 0 79
7 1 79 80
7 1 80 84
7 1 84 85
7 1 85 94
7 1 94 95
7 1 95 99
7 1 99 100
7 1 100 146
7 1 146 147
7 1 147 151
7 1 151 152
7 1 152 164
7 1 164 165
7 1 165 169
7 1 169 1
7 1 1 170
7 1 170 171
7 1 171 173
7 1 173 175
7 1 175 177
7 1 177 179
7 1 179 190
7 1 190 191
7 1 191 193
7 1 193 197
7 1 197 199
7 1 199 201
7 1 201 200
7 1 200 202
7 1 202 206
7 1 207 208
7 1 206 207
7 1 208 209
7 1 209 213
7 1 213 214
7 1 214 219
7 1 219 218
7 1 218 220
7 1 220 22

vertices
221
2
0.5 0.25
0.5 0.5
0.484375 0.25
0.46875 0.25
0.453125 0.25
0.4375 0.25
0.421875 0.25
0.40625 0.25
0.390625 0.25
0.375 0.25
0.359375 0.25
0.34375 0.25
0.328125 0.25
0.3125 0.25
0.3125 0.265625
0.3125 0.28125
0.3125 0.296875
0.3125 0.3125
0.296875 0.3125
0.28125 0.3125
0.28125 0.328125
0.3125 0.359375
0.3125 0.375
0.3125 0.34375
0.296875 0.328125
0.3125 0.328125
0.328125 0.3125
0.328125 0.328125
0.34375 0.3125
0.34375 0.328125
0.34375 0.34375
0.328125 0.34375
0.328125 0.359375
0.328125 0.375
0.34375 0.359375
0.34375 0.375
0.359375 0.34375
0.359375 0.359375
0.359375 0.375
0.375 0.359375
0.375 0.375
0.375 0.34375
0.359375 0.328125
0.375 0.328125
0.359375 0.3125
0.375 0.3125
0.359375 0.296875
0.375 0.296875
0.359375 0.28125
0.375 0.28125
0.34375 0.28125
0.34375 0.296875
0.328125 0.296875
0.328125 0.28125
0.328125 0.265625
0.34375 0.265625
0.359375 0.265625
0.375 0.265625
0.390625 0.265625
0.40625 0.265625
0.40625 0.28125
0.390625 0.28125
0.390625 0.296875
0.390625 0.3125
0.40625 0.296875
0.40625 0.3125
0.421875 0.28125
0.421875 0.296875
0.421875 0.3125
0.4375 0.296875
0.4375 0.3125
0.4375 0.28125
0.421875 0.265625
0.4375 0.265625
0.453125 0.265625
0.453125 0.28125
0.46875 0.265625
0.46875 0.28125
0.484375 0.265625
0.5 0.265625
0.5 0.28125
0.484375 0.28125
0.484375 0.296875
0.46875 0.296875
0.5 0.296875
0.5 0.3125
0.484375 0.3125
0.46875 0.3125
0.453125 0.296875
0.453125 0.3125
0.46875 0.34375
0.4375 0.34375
0.484375 0.328125
0.46875 0.328125
0.5 0.328125
0.5 0.34375
0.484375 0.34375
0.484375 0.359375
0.46875 0.359375
0.5 0.359375
0.5 0.375
0.484375 0.375
0.46875 0.375
0.453125 0.359375
0.453125 0.375
0.453125 0.34375
0.4375 0.359375
0.4375 0.375
0.421875 0.359375
0.421875 0.375
0.40625 0.359375
0.40625 0.375
0.40625 0.34375
0.421875 0.34375
0.421875 0.328125
0.4375 0.328125
0.40625 0.328125
0.390625 0.328125
0.390625 0.34375
0.390625 0.359375
0.390625 0.375
0.390625 0.390625
0.375 0.390625
0.40625 0.390625
0.40625 0.40625
0.390625 0.40625
0.375 0.40625
0.390625 0.421875
0.375 0.421875
0.390625 0.4375
0.375 0.4375
0.40625 0.421875
0.40625 0.4375
0.421875 0.40625
0.421875 0.421875
0.421875 0.4375
0.4375 0.421875
0.4375 0.4375
0.4375 0.40625
0.421875 0.390625
0.4375 0.390625
0.453125 0.390625
0.453125 0.40625
0.46875 0.390625
0.46875 0.40625
0.484375 0.390625
0.5 0.390625
0.5 0.40625
0.484375 0.40625
0.484375 0.421875
0.46875 0.421875
0.5 0.421875
0.5 0.4375
0.484375 0.4375
0.46875 0.4375
0.453125 0.421875
0.453125 0.4375
0.453125 0.453125
0.4375 0.453125
0.453125 0.46875
0.4375 0.46875
0.46875 0.453125
0.46875 0.46875
0.484375 0.453125
0.5 0.453125
0.5 0.46875
0.484375 0.46875
0.484375 0.484375
0.46875 0.484375
0.5 0.484375
0.484375 0.5
0.46875 0.5
0.453125 0.484375
0.453125 0.5
0.4375 0.484375
0.4375 0.5
0.421875 0.484375
0.421875 0.5
0.40625 0.484375
0.40625 0.5
0.40625 0.46875
0.421875 0.46875
0.421875 0.453125
0.40625 0.453125
0.390625 0.453125
0.390625 0.46875
0.375 0.453125
0.375 0.46875
0.390625 0.484375
0.375 0.484375
0.390625 0.5
0.375 0.5
0.359375 0.484375
0.359375 0.5
0.359375 0.46875
0.34375 0.46875
0.34375 0.484375
0.34375 0.5
0.328125 0.484375
0.328125 0.5
0.3125 0.484375
0.3125 0.5
0.3125 0.46875
0.328125 0.46875
0.328125 0.453125
0.34375 0.453125
0.3125 0.453125
0.3125 0.4375
0.328125 0.4375
0.34375 0.4375
0.359375 0.4375
0.359375 0.453125
0.359375 0.421875
0.34375 0.421875
0.34375 0.40625
0.359375 0.40625
0.359375 0.390625
0.34375 0.390625
0.328125 0.390625
0.328125 0.40625
0.3125 0.390625
