MFEM mesh v1.0

#
# MFEM Geometry Types (see mesh/geom.hpp):
#
# POINT       = 0
# SEGMENT     = 1
# TRIANGLE    = 2
# SQUARE      = 3
# TETRAHEDRON = 4
# CUBE        = 5
# PRISM       = 6
#

dimension
2

elements
186
1 3 13 19 17 14
1 3 19 20 18 17
1 3 21 22 20 19
1 3 23 24 22 21
1 3 25 23 21 26
1 3 26 21 19 13
1 3 27 26 13 12
1 3 10 27 12 11
1 3 9 28 27 10
1 3 28 25 26 27
1 3 29 30 25 28
1 3 8 29 28 9
1 3 6 5 29 8
1 3 5 4 30 29
1 3 4 3 31 30
1 3 30 31 23 25
1 3 31 32 24 23
1 3 3 0 32 31
1 3 0 33 34 32
1 3 32 34 35 24
1 3 34 36 37 35
1 3 33 38 36 34
1 3 38 39 40 36
1 3 39 41 42 40
1 3 40 42 43 44
1 3 36 40 44 37
1 3 37 44 45 46
1 3 44 43 47 45
1 3 45 47 48 49
1 3 46 45 49 50
1 3 51 46 50 52
1 3 35 37 46 51
1 3 24 35 51 22
1 3 22 51 52 20
1 3 20 52 53 18
1 3 52 50 54 53
1 3 53 54 55 56
1 3 18 53 56 16
1 3 16 56 57 15
1 3 15 57 58 7
1 3 57 59 60 58
1 3 56 55 59 57
1 3 55 61 62 59
1 3 59 62 63 60
1 3 62 64 65 63
1 3 61 66 64 62
1 3 67 68 66 61
1 3 54 67 61 55
1 3 50 49 67 54
1 3 49 48 68 67
1 3 48 69 70 66
1 3 66 71 72 64
1 3 64 72 73 65
1 3 72 74 75 73
1 3 71 70 74 72
1 3 70 76 77 74
1 3 74 77 78 75
1 3 77 79 80 78
1 3 76 81 79 77
1 3 82 83 81 76
1 3 84 82 76 70
1 3 69 85 82 84
1 3 85 86 83 82
1 3 87 88 86 85
1 3 89 90 88 87
1 3 91 89 87 92
1 3 92 87 85 69
1 3 93 92 69 94
1 3 47 93 94 48
1 3 43 95 93 47
1 3 95 91 92 93
1 3 96 97 91 95
1 3 42 96 95 43
1 3 41 98 96 42
1 3 98 99 97 96
1 3 99 100 101 97
1 3 97 101 89 91
1 3 101 102 90 89
1 3 100 103 102 101
1 3 103 104 105 102
1 3 104 106 107 105
1 3 105 107 108 109
1 3 102 105 109 90
1 3 90 109 110 88
1 3 88 110 111 86
1 3 110 112 113 111
1 3 109 108 112 110
1 3 108 114 115 112
1 3 112 115 116 113
1 3 115 117 118 116
1 3 114 119 117 115
1 3 120 121 119 114
1 3 107 120 114 108
1 3 106 122 120 107
1 3 122 123 121 120
1 3 123 124 125 121
1 3 121 125 126 119
1 3 125 127 128 126
1 3 124 129 127 125
1 3 129 130 131 127
1 3 130 1 132 131
1 3 131 132 133 134
1 3 127 131 134 128
1 3 128 134 135 136
1 3 134 133 137 135
1 3 135 137 138 139
1 3 136 135 139 140
1 3 141 136 140 142
1 3 126 128 136 141
1 3 119 126 141 117
1 3 117 141 142 118
1 3 118 142 143 144
1 3 144 143 145 146
1 3 143 147 148 145
1 3 142 140 147 143
1 3 140 139 149 147
1 3 139 138 150 149
1 3 149 150 151 152
1 3 147 149 152 148
1 3 148 152 153 154
1 3 152 151 155 153
1 3 153 155 156 157
1 3 154 153 157 158
1 3 159 154 158 160
1 3 145 148 154 159
1 3 146 145 159 161
1 3 161 159 160 162
1 3 163 146 162 164
1 3 165 144 146 166
1 3 116 118 144 165
1 3 113 116 165 167
1 3 167 165 166 163
1 3 168 167 163 169
1 3 111 113 167 168
1 3 86 111 168 83
1 3 83 168 169 81
1 3 81 169 170 79
1 3 169 163 171 170
1 3 170 171 164 172
1 3 79 170 172 80
1 3 80 172 173 174
1 3 172 164 175 173
1 3 173 175 176 177
1 3 174 173 177 178
1 3 178 177 179 180
1 3 180 179 181 182
1 3 179 183 184 181
1 3 177 176 183 179
1 3 176 185 186 183
1 3 183 186 187 184
1 3 186 188 189 187
1 3 185 190 188 186
1 3 164 162 190 176
1 3 162 160 191 192
1 3 192 191 193 190
1 3 191 194 195 193
1 3 160 158 194 191
1 3 158 157 196 194
1 3 157 156 197 196
1 3 196 197 198 199
1 3 194 196 199 195
1 3 195 199 200 201
1 3 199 198 202 200
1 3 200 202 203 204
1 3 201 200 204 205
1 3 206 201 205 207
1 3 193 195 201 206
1 3 190 193 206 188
1 3 188 206 207 189
1 3 189 207 208 209
1 3 209 208 210 211
1 3 208 212 213 210
1 3 207 205 212 208
1 3 205 204 214 212
1 3 204 203 215 214
1 3 214 215 216 217
1 3 212 214 217 213
1 3 213 217 218 219
1 3 217 216 220 218
1 3 218 220 2 221
1 3 219 218 221 222
1 3 223 219 222 224
1 3 210 213 219 223
1 3 211 210 223 225
1 3 225 223 224 226
1 3 227 225 226 228

boundary
74
13 1 17 14
13 1 14 13
13 1 18 17
13 1 13 12
13 1 12 11
13 1 11 10
13 1 10 9
13 1 9 8
13 1 6 5
13 1 8 6
13 1 5 4
13 1 4 3
13 1 3 0
13 1 0 33
13 1 33 38
13 1 38 39
13 1 39 41
13 1 16 18
13 1 15 16
13 1 58 7
13 1 7 15
13 1 60 58
13 1 63 60
13 1 65 63
13 1 73 65
13 1 75 73
13 1 78 75
13 1 80 78
13 1 41 98
13 1 98 99
13 1 99 100
13 1 100 103
13 1 103 104
13 1 104 106
13 1 106 122
13 1 122 123
13 1 123 124
13 1 124 129
13 1 129 130
13 1 130 1
13 1 1 132
13 1 132 133
13 1 133 137
13 1 137 138
13 1 138 150
13 1 150 151
13 1 151 155
13 1 155 156
13 1 174 80
13 1 178 174
13 1 180 178
13 1 181 182
13 1 182 180
13 1 184 181
13 1 187 184
13 1 189 187
13 1 156 197
13 1 197 198
13 1 198 202
13 1 202 203
13 1 209 189
13 1 211 209
13 1 203 215
13 1 215 216
13 1 216 220
13 1 220 2
13 1 2 221
13 1 221 222
13 1 222 224
13 1 225 211
13 1 224 226
13 1 227 225
13 1 226 228
13 1 228 227

vertices
229
2
0.5 0.5
0.75 0.5
0.75 0.75
0.484375 0.5
0.46875 0.5
0.453125 0.5
0.4375 0.5
0.5 0.625
0.4375 0.515625
0.4375 0.53125
0.4375 0.546875
0.4375 0.5625
0.453125 0.5625
0.46875 0.5625
0.46875 0.578125
0.5 0.609375
0.5 0.59375
0.484375 0.578125
0.5 0.578125
0.484375 0.5625
0.5 0.5625
0.484375 0.546875
0.5 0.546875
0.484375 0.53125
0.5 0.53125
0.46875 0.53125
0.46875 0.546875
0.453125 0.546875
0.453125 0.53125
0.453125 0.515625
0.46875 0.515625
0.484375 0.515625
0.5 0.515625
0.515625 0.5
0.515625 0.515625
0.515625 0.53125
0.53125 0.515625
0.53125 0.53125
0.53125 0.5
0.546875 0.5
0.546875 0.515625
0.5625 0.5
0.5625 0.515625
0.5625 0.53125
0.546875 0.53125
0.546875 0.546875
0.53125 0.546875
0.5625 0.546875
0.5625 0.5625
0.546875 0.5625
0.53125 0.5625
0.515625 0.546875
0.515625 0.5625
0.515625 0.578125
0.53125 0.578125
0.53125 0.59375
0.515625 0.59375
0.515625 0.609375
0.515625 0.625
0.53125 0.609375
0.53125 0.625
0.546875 0.59375
0.546875 0.609375
0.546875 0.625
0.5625 0.609375
0.5625 0.625
0.5625 0.59375
0.546875 0.578125
0.5625 0.578125
0.59375 0.5625
0.59375 0.59375
0.578125 0.59375
0.578125 0.609375
0.578125 0.625
0.59375 0.609375
0.59375 0.625
0.609375 0.59375
0.609375 0.609375
0.609375 0.625
0.625 0.609375
0.625 0.625
0.625 0.59375
0.609375 0.578125
0.625 0.578125
0.59375 0.578125
0.609375 0.5625
0.625 0.5625
0.609375 0.546875
0.625 0.546875
0.609375 0.53125
0.625 0.53125
0.59375 0.53125
0.59375 0.546875
0.578125 0.546875
0.578125 0.5625
0.578125 0.53125
0.578125 0.515625
0.59375 0.515625
0.578125 0.5
0.59375 0.5
0.609375 0.5
0.609375 0.515625
0.625 0.515625
0.625 0.5
0.640625 0.5
0.640625 0.515625
0.65625 0.5
0.65625 0.515625
0.65625 0.53125
0.640625 0.53125
0.640625 0.546875
0.640625 0.5625
0.65625 0.546875
0.65625 0.5625
0.671875 0.53125
0.671875 0.546875
0.671875 0.5625
0.6875 0.546875
0.6875 0.5625
0.6875 0.53125
0.671875 0.515625
0.6875 0.515625
0.671875 0.5
0.6875 0.5
0.703125 0.5
0.703125 0.515625
0.703125 0.53125
0.71875 0.515625
0.71875 0.53125
0.71875 0.5
0.734375 0.5
0.734375 0.515625
0.75 0.515625
0.75 0.53125
0.734375 0.53125
0.734375 0.546875
0.71875 0.546875
0.75 0.546875
0.75 0.5625
0.734375 0.5625
0.71875 0.5625
0.703125 0.546875
0.703125 0.5625
0.703125 0.578125
0.6875 0.578125
0.703125 0.59375
0.6875 0.59375
0.71875 0.578125
0.71875 0.59375
0.734375 0.578125
0.75 0.578125
0.75 0.59375
0.734375 0.59375
0.734375 0.609375
0.71875 0.609375
0.75 0.609375
0.75 0.625
0.734375 0.625
0.71875 0.625
0.703125 0.609375
0.703125 0.625
0.6875 0.609375
0.6875 0.625
0.65625 0.59375
0.65625 0.625
0.671875 0.578125
0.671875 0.59375
0.65625 0.578125
0.640625 0.578125
0.640625 0.59375
0.640625 0.609375
0.65625 0.609375
0.640625 0.625
0.640625 0.640625
0.625 0.640625
0.65625 0.640625
0.65625 0.65625
0.640625 0.65625
0.625 0.65625
0.640625 0.671875
0.625 0.671875
0.640625 0.6875
0.625 0.6875
0.65625 0.671875
0.65625 0.6875
0.671875 0.65625
0.671875 0.671875
0.671875 0.6875
0.6875 0.671875
0.6875 0.6875
0.6875 0.65625
0.703125 0.640625
0.6875 0.640625
0.703125 0.65625
0.71875 0.640625
0.71875 0.65625
0.734375 0.640625
0.75 0.640625
0.75 0.65625
0.734375 0.65625
0.734375 0.671875
0.71875 0.671875
0.75 0.671875
0.75 0.6875
0.734375 0.6875
0.71875 0.6875
0.703125 0.671875
0.703125 0.6875
0.703125 0.703125
0.6875 0.703125
0.703125 0.71875
0.6875 0.71875
0.71875 0.703125
0.71875 0.71875
0.734375 0.703125
0.75 0.703125
0.75 0.71875
0.734375 0.71875
0.734375 0.734375
0.71875 0.734375
0.75 0.734375
0.734375 0.75
0.71875 0.75
0.703125 0.734375
0.703125 0.75
0.6875 0.734375
0.6875 0.75
0.671875 0.734375
0.671875 0.75
