MFEM mesh v1.0

#
# MFEM Geometry Types (see mesh/geom.hpp):
#
# POINT       = 0
# SEGMENT     = 1
# TRIANGLE    = 2
# SQUARE      = 3
# TETRAHEDRON = 4
# CUBE        = 5
# PRISM       = 6
#

dimension
2

elements
196
1 3 0 1 2 3
1 3 3 2 4 5
1 3 2 6 7 4
1 3 1 8 6 2
1 3 8 9 10 6
1 3 9 11 12 10
1 3 10 12 13 14
1 3 6 10 14 7
1 3 7 14 15 16
1 3 14 13 17 15
1 3 15 17 18 19
1 3 16 15 19 20
1 3 21 16 20 22
1 3 4 7 16 21
1 3 5 4 21 23
1 3 23 21 22 24
1 3 24 22 25 26
1 3 22 20 27 25
1 3 25 27 28 29
1 3 26 25 29 30
1 3 30 29 31 32
1 3 32 31 33 34
1 3 31 35 36 33
1 3 29 28 35 31
1 3 28 37 38 35
1 3 35 38 39 36
1 3 38 40 41 39
1 3 37 42 40 38
1 3 43 44 42 37
1 3 27 43 37 28
1 3 20 19 43 27
1 3 19 18 44 43
1 3 18 45 46 44
1 3 45 47 48 46
1 3 46 48 49 50
1 3 44 46 50 42
1 3 42 50 51 40
1 3 40 51 52 41
1 3 51 53 54 52
1 3 50 49 53 51
1 3 49 55 56 53
1 3 53 56 57 54
1 3 56 58 59 57
1 3 55 60 58 56
1 3 61 62 60 55
1 3 48 61 55 49
1 3 47 63 61 48
1 3 63 64 62 61
1 3 65 66 64 63
1 3 67 68 66 65
1 3 69 67 65 70
1 3 70 65 63 47
1 3 71 70 47 45
1 3 17 71 45 18
1 3 13 72 71 17
1 3 72 69 70 71
1 3 73 74 69 72
1 3 12 73 72 13
1 3 11 75 73 12
1 3 75 76 74 73
1 3 76 77 78 74
1 3 74 78 67 69
1 3 78 79 68 67
1 3 77 80 79 78
1 3 80 81 82 79
1 3 81 83 84 82
1 3 82 84 85 86
1 3 79 82 86 68
1 3 68 86 87 66
1 3 66 87 88 64
1 3 87 89 90 88
1 3 86 85 89 87
1 3 85 91 92 90
1 3 83 93 91 85
1 3 93 94 95 91
1 3 94 96 97 98
1 3 96 99 100 97
1 3 97 100 101 102
1 3 98 97 102 95
1 3 95 102 103 104
1 3 102 101 105 103
1 3 103 105 106 107
1 3 104 103 107 108
1 3 91 95 108 92
1 3 92 108 109 110
1 3 108 107 111 112
1 3 107 106 113 111
1 3 111 113 114 115
1 3 112 111 115 109
1 3 109 115 116 117
1 3 115 114 118 116
1 3 116 118 119 120
1 3 117 116 120 121
1 3 110 109 121 122
1 3 123 110 122 124
1 3 90 92 110 123
1 3 125 126 123 127
1 3 88 90 126 125
1 3 64 88 125 62
1 3 62 125 127 60
1 3 60 127 128 58
1 3 127 123 129 128
1 3 128 129 124 130
1 3 58 128 130 59
1 3 59 130 131 132
1 3 130 124 133 131
1 3 131 133 134 135
1 3 132 131 135 136
1 3 136 135 137 138
1 3 138 137 139 140
1 3 137 141 142 139
1 3 135 134 141 137
1 3 134 143 144 142
1 3 124 122 143 134
1 3 122 121 145 143
1 3 121 120 146 147
1 3 120 119 148 146
1 3 146 148 149 150
1 3 147 146 150 145
1 3 145 150 151 152
1 3 150 149 153 151
1 3 151 153 154 155
1 3 152 151 155 156
1 3 143 145 156 144
1 3 144 156 157 158
1 3 156 155 159 160
1 3 155 154 161 159
1 3 159 161 162 163
1 3 160 159 163 157
1 3 157 163 164 165
1 3 163 162 166 164
1 3 164 166 167 168
1 3 165 164 168 169
1 3 158 157 169 170
1 3 171 158 170 172
1 3 142 144 158 171
1 3 173 174 171 175
1 3 139 142 174 173
1 3 140 139 173 176
1 3 176 173 175 177
1 3 177 175 178 179
1 3 175 171 180 178
1 3 178 180 172 181
1 3 179 178 181 182
1 3 183 179 182 184
1 3 185 177 179 183
1 3 186 185 183 187
1 3 187 183 184 188
1 3 189 187 188 190
1 3 191 189 190 192
1 3 193 194 189 191
1 3 194 186 187 189
1 3 195 196 186 194
1 3 197 195 194 193
1 3 198 199 195 197
1 3 199 200 196 195
1 3 200 201 202 196
1 3 196 202 185 186
1 3 202 176 177 185
1 3 201 140 176 202
1 3 203 138 140 201
1 3 204 203 201 200
1 3 205 206 203 204
1 3 206 136 138 203
1 3 207 132 136 206
1 3 57 59 132 207
1 3 54 57 207 208
1 3 208 207 206 205
1 3 209 208 205 210
1 3 52 54 208 209
1 3 41 52 209 211
1 3 211 209 210 212
1 3 212 210 213 214
1 3 210 205 204 213
1 3 213 204 200 199
1 3 214 213 199 198
1 3 215 214 198 216
1 3 217 215 216 218
1 3 219 220 215 217
1 3 220 212 214 215
1 3 221 211 212 220
1 3 39 41 211 221
1 3 36 39 221 222
1 3 222 221 220 219
1 3 223 222 219 224
1 3 33 36 222 223
1 3 34 33 223 225
1 3 225 223 224 226
1 3 226 224 227 228
1 3 224 219 217 227
1 3 227 217 218 229
1 3 228 227 229 230
1 3 230 229 231 232
1 3 232 231 233 234
1 3 231 235 236 233
1 3 229 218 235 231

boundary
64
1 1 0 1
4 1 3 0
4 1 5 3
1 1 1 8
1 1 8 9
1 1 9 11
4 1 23 5
4 1 24 23
4 1 26 24
4 1 30 26
4 1 32 30
4 1 34 32
1 1 11 75
1 1 75 76
1 1 76 77
1 1 77 80
1 1 80 81
1 1 81 83
1 1 83 93
1 1 93 94
1 1 94 96
1 1 96 99
4 1 225 34
4 1 226 225
4 1 228 226
4 1 230 228
4 1 232 230
4 1 234 232
5 1 99 100
5 1 100 101
5 1 101 105
5 1 105 106
5 1 106 113
5 1 113 114
5 1 114 118
5 1 118 119
5 1 167 168
5 1 168 169
5 1 169 170
5 1 170 172
5 1 172 181
5 1 181 182
5 1 182 184
5 1 184 188
5 1 188 190
5 1 190 192
5 1 192 191
5 1 191 193
5 1 193 197
5 1 197 198
5 1 198 216
5 1 216 218
5 1 233 234
5 1 235 236
5 1 236 233
5 1 218 235
5 1 166 167
5 1 162 166
5 1 161 162
5 1 154 161
5 1 153 154
5 1 149 153
5 1 148 149
5 1 119 148

vertices
237
2
0 0
0.001953125 0
0.001953125 0.00390625
0 0.00390625
0.001953125 0.0078125
0 0.0078125
0.00390625 0.00390625
0.00390625 0.0078125
0.00390625 0
0.005859375 0
0.005859375 0.00390625
0.0078125 0
0.0078125 0.00390625
0.0078125 0.0078125
0.005859375 0.0078125
0.005859375 0.01171875
0.00390625 0.01171875
0.0078125 0.01171875
0.0078125 0.015625
0.005859375 0.015625
0.00390625 0.015625
0.001953125 0.01171875
0.001953125 0.015625
0 0.01171875
0 0.015625
0.001953125 0.01953125
0 0.01953125
0.00390625 0.01953125
0.00390625 0.0234375
0.001953125 0.0234375
0 0.0234375
0.001953125 0.02734375
0 0.02734375
0.001953125 0.03125
0 0.03125
0.00390625 0.02734375
0.00390625 0.03125
0.005859375 0.0234375
0.005859375 0.02734375
0.005859375 0.03125
0.0078125 0.02734375
0.0078125 0.03125
0.0078125 0.0234375
0.005859375 0.01953125
0.0078125 0.01953125
0.009765625 0.015625
0.009765625 0.01953125
0.01171875 0.015625
0.01171875 0.01953125
0.01171875 0.0234375
0.009765625 0.0234375
0.009765625 0.02734375
0.009765625 0.03125
0.01171875 0.02734375
0.01171875 0.03125
0.013671875 0.0234375
0.013671875 0.02734375
0.013671875 0.03125
0.015625 0.02734375
0.015625 0.03125
0.015625 0.0234375
0.013671875 0.01953125
0.015625 0.01953125
0.013671875 0.015625
0.015625 0.015625
0.013671875 0.01171875
0.015625 0.01171875
0.013671875 0.0078125
0.015625 0.0078125
0.01171875 0.0078125
0.01171875 0.01171875
0.009765625 0.01171875
0.009765625 0.0078125
0.009765625 0.00390625
0.01171875 0.00390625
0.009765625 0
0.01171875 0
0.013671875 0
0.013671875 0.00390625
0.015625 0.00390625
0.015625 0
0.017578125 0
0.017578125 0.00390625
0.01953125 0
0.01953125 0.00390625
0.01953125 0.0078125
0.017578125 0.0078125
0.017578125 0.01171875
0.017578125 0.015625
0.01953125 0.01171875
0.01953125 0.015625
0.0234375 0.0078125
0.0234375 0.015625
0.0234375 0
0.02734375 0
0.02734375 0.0078125
0.029296875 0
0.029296875 0.00390625
0.02734375 0.00390625
0.03125 0
0.03125 0.00390625
0.03125 0.0078125
0.029296875 0.0078125
0.029296875 0.01171875
0.02734375 0.01171875
0.03125 0.01171875
0.03125 0.015625
0.029296875 0.015625
0.02734375 0.015625
0.02734375 0.0234375
0.0234375 0.0234375
0.029296875 0.01953125
0.02734375 0.01953125
0.03125 0.01953125
0.03125 0.0234375
0.029296875 0.0234375
0.029296875 0.02734375
0.02734375 0.02734375
0.03125 0.02734375
0.03125 0.03125
0.029296875 0.03125
0.02734375 0.03125
0.0234375 0.03125
0.01953125 0.0234375
0.01953125 0.03125
0.017578125 0.01953125
0.01953125 0.01953125
0.017578125 0.0234375
0.017578125 0.02734375
0.01953125 0.02734375
0.017578125 0.03125
0.017578125 0.03515625
0.015625 0.03515625
0.01953125 0.03515625
0.01953125 0.0390625
0.017578125 0.0390625
0.015625 0.0390625
0.017578125 0.04296875
0.015625 0.04296875
0.017578125 0.046875
0.015625 0.046875
0.01953125 0.04296875
0.01953125 0.046875
0.0234375 0.0390625
0.0234375 0.046875
0.02734375 0.0390625
0.029296875 0.03515625
0.02734375 0.03515625
0.03125 0.03515625
0.03125 0.0390625
0.029296875 0.0390625
0.029296875 0.04296875
0.02734375 0.04296875
0.03125 0.04296875
0.03125 0.046875
0.029296875 0.046875
0.02734375 0.046875
0.02734375 0.0546875
0.0234375 0.0546875
0.029296875 0.05078125
0.02734375 0.05078125
0.03125 0.05078125
0.03125 0.0546875
0.029296875 0.0546875
0.029296875 0.05859375
0.02734375 0.05859375
0.03125 0.05859375
0.03125 0.0625
0.029296875 0.0625
0.02734375 0.0625
0.0234375 0.0625
0.01953125 0.0546875
0.01953125 0.0625
0.017578125 0.05078125
0.01953125 0.05078125
0.017578125 0.0546875
0.015625 0.05078125
0.015625 0.0546875
0.017578125 0.05859375
0.015625 0.05859375
0.01953125 0.05859375
0.017578125 0.0625
0.015625 0.0625
0.013671875 0.05859375
0.013671875 0.0625
0.013671875 0.0546875
0.01171875 0.0546875
0.01171875 0.05859375
0.01171875 0.0625
0.009765625 0.05859375
0.009765625 0.0625
0.0078125 0.05859375
0.0078125 0.0625
0.0078125 0.0546875
0.009765625 0.0546875
0.009765625 0.05078125
0.01171875 0.05078125
0.0078125 0.05078125
0.0078125 0.046875
0.009765625 0.046875
0.01171875 0.046875
0.013671875 0.046875
0.013671875 0.05078125
0.013671875 0.04296875
0.01171875 0.04296875
0.01171875 0.0390625
0.013671875 0.0390625
0.013671875 0.03515625
0.01171875 0.03515625
0.009765625 0.03515625
0.009765625 0.0390625
0.0078125 0.03515625
0.0078125 0.0390625
0.009765625 0.04296875
0.0078125 0.04296875
0.005859375 0.04296875
0.005859375 0.046875
0.00390625 0.04296875
0.00390625 0.046875
0.00390625 0.0390625
0.005859375 0.0390625
0.005859375 0.03515625
0.00390625 0.03515625
0.001953125 0.03515625
0.001953125 0.0390625
0 0.03515625
0 0.0390625
0.001953125 0.04296875
0 0.04296875
0.001953125 0.046875
0 0.046875
0.001953125 0.05078125
0 0.05078125
0.001953125 0.0546875
0 0.0546875
0.00390625 0.05078125
0.00390625 0.0546875
