MFEM mesh v1.0

#
# MFEM Geometry Types (see mesh/geom.hpp):
#
# POINT       = 0
# SEGMENT     = 1
# TRIANGLE    = 2
# SQUARE      = 3
# TETRAHEDRON = 4
# CUBE        = 5
# PRISM       = 6
#

dimension
2

elements
256
1 3 0 1 2 3
1 3 1 4 5 2
1 3 2 5 6 7
1 3 3 2 7 8
1 3 8 7 9 10
1 3 10 9 11 12
1 3 9 13 14 11
1 3 7 6 13 9
1 3 6 15 16 13
1 3 13 16 17 14
1 3 16 18 19 17
1 3 15 20 18 16
1 3 21 22 20 15
1 3 5 21 15 6
1 3 4 23 21 5
1 3 23 24 22 21
1 3 24 25 26 22
1 3 22 26 27 20
1 3 26 28 29 27
1 3 25 30 28 26
1 3 30 31 32 28
1 3 31 33 34 32
1 3 32 34 35 36
1 3 28 32 36 29
1 3 29 36 37 38
1 3 36 35 39 37
1 3 37 39 40 41
1 3 38 37 41 42
1 3 43 38 42 44
1 3 27 29 38 43
1 3 20 27 43 18
1 3 18 43 44 19
1 3 19 44 45 46
1 3 46 45 47 48
1 3 45 49 50 47
1 3 44 42 49 45
1 3 42 41 51 49
1 3 41 40 52 51
1 3 51 52 53 54
1 3 49 51 54 50
1 3 50 54 55 56
1 3 54 53 57 55
1 3 55 57 58 59
1 3 56 55 59 60
1 3 61 56 60 62
1 3 47 50 56 61
1 3 48 47 61 63
1 3 63 61 62 64
1 3 65 63 64 66
1 3 67 65 66 68
1 3 69 70 65 67
1 3 70 48 63 65
1 3 71 46 48 70
1 3 17 19 46 71
1 3 14 17 71 72
1 3 72 71 70 69
1 3 73 72 69 74
1 3 11 14 72 73
1 3 12 11 73 75
1 3 75 73 74 76
1 3 76 74 77 78
1 3 74 69 67 77
1 3 77 67 68 79
1 3 78 77 79 80
1 3 80 79 81 82
1 3 82 81 83 84
1 3 81 85 86 83
1 3 79 68 85 81
1 3 68 66 87 85
1 3 66 64 88 87
1 3 87 88 89 90
1 3 85 87 90 86
1 3 86 90 91 92
1 3 90 89 93 91
1 3 91 93 94 95
1 3 92 91 95 96
1 3 97 92 96 98
1 3 83 86 92 97
1 3 84 83 97 99
1 3 99 97 98 100
1 3 100 98 101 102
1 3 98 96 103 101
1 3 101 103 104 105
1 3 102 101 105 106
1 3 106 105 107 108
1 3 108 107 109 110
1 3 107 111 112 109
1 3 105 104 111 107
1 3 104 113 114 111
1 3 111 114 115 112
1 3 114 116 117 115
1 3 113 118 116 114
1 3 119 120 118 113
1 3 103 119 113 104
1 3 96 95 119 103
1 3 95 94 120 119
1 3 94 121 122 120
1 3 121 123 124 122
1 3 122 124 125 126
1 3 120 122 126 118
1 3 118 126 127 116
1 3 116 127 128 117
1 3 127 129 130 128
1 3 126 125 129 127
1 3 125 131 132 129
1 3 129 132 133 130
1 3 132 134 135 133
1 3 131 136 134 132
1 3 137 138 136 131
1 3 124 137 131 125
1 3 123 139 137 124
1 3 139 140 138 137
1 3 141 142 140 139
1 3 143 144 142 141
1 3 145 143 141 146
1 3 146 141 139 123
1 3 147 146 123 121
1 3 93 147 121 94
1 3 89 148 147 93
1 3 148 145 146 147
1 3 149 150 145 148
1 3 88 149 148 89
1 3 64 62 149 88
1 3 62 60 150 149
1 3 60 59 151 150
1 3 150 151 143 145
1 3 151 152 144 143
1 3 59 58 152 151
1 3 58 153 154 152
1 3 152 154 155 144
1 3 154 156 157 155
1 3 153 158 156 154
1 3 158 159 160 156
1 3 159 161 162 160
1 3 160 162 163 164
1 3 156 160 164 157
1 3 157 164 165 166
1 3 164 163 167 165
1 3 165 167 168 169
1 3 166 165 169 170
1 3 171 166 170 172
1 3 155 157 166 171
1 3 144 155 171 142
1 3 142 171 172 140
1 3 140 172 173 138
1 3 172 170 174 173
1 3 173 174 175 176
1 3 138 173 176 136
1 3 136 176 177 134
1 3 134 177 178 135
1 3 177 179 180 178
1 3 176 175 179 177
1 3 175 181 182 179
1 3 179 182 183 180
1 3 182 184 185 183
1 3 181 186 184 182
1 3 187 188 186 181
1 3 174 187 181 175
1 3 170 169 187 174
1 3 169 168 188 187
1 3 168 189 190 188
1 3 189 191 192 190
1 3 190 192 193 194
1 3 188 190 194 186
1 3 186 194 195 184
1 3 184 195 196 185
1 3 195 197 198 196
1 3 194 193 197 195
1 3 193 199 200 197
1 3 197 200 201 198
1 3 200 202 203 201
1 3 199 204 202 200
1 3 205 206 204 199
1 3 192 205 199 193
1 3 191 207 205 192
1 3 207 208 206 205
1 3 209 210 208 207
1 3 211 212 210 209
1 3 213 211 209 214
1 3 214 209 207 191
1 3 215 214 191 189
1 3 167 215 189 168
1 3 163 216 215 167
1 3 216 213 214 215
1 3 217 218 213 216
1 3 162 217 216 163
1 3 161 219 217 162
1 3 219 220 218 217
1 3 220 221 222 218
1 3 218 222 211 213
1 3 222 223 212 211
1 3 221 224 223 222
1 3 225 226 224 221
1 3 227 225 221 220
1 3 228 229 225 227
1 3 229 230 226 225
1 3 231 232 230 229
1 3 233 234 232 231
1 3 235 233 231 236
1 3 236 231 229 228
1 3 237 236 228 238
1 3 239 235 236 237
1 3 240 239 237 241
1 3 241 237 238 242
1 3 242 238 243 244
1 3 238 228 227 243
1 3 243 227 220 219
1 3 244 243 219 161
1 3 245 244 161 159
1 3 246 242 244 245
1 3 247 246 245 248
1 3 248 245 159 158
1 3 249 248 158 153
1 3 57 249 153 58
1 3 53 250 249 57
1 3 250 247 248 249
1 3 251 252 247 250
1 3 52 251 250 53
1 3 40 253 251 52
1 3 253 254 252 251
1 3 254 255 256 252
1 3 252 256 246 247
1 3 256 241 242 246
1 3 255 240 241 256
1 3 257 258 240 255
1 3 259 260 258 257
1 3 261 259 257 262
1 3 262 257 255 254
1 3 263 262 254 253
1 3 39 263 253 40
1 3 35 264 263 39
1 3 264 261 262 263
1 3 265 266 261 264
1 3 34 265 264 35
1 3 33 267 265 34
1 3 267 268 266 265
1 3 268 269 270 266
1 3 266 270 259 261
1 3 270 271 260 259
1 3 269 272 271 270
1 3 272 273 274 271
1 3 271 274 275 260
1 3 274 276 277 275
1 3 273 278 276 274
1 3 278 279 280 276
1 3 279 281 282 280
1 3 280 282 283 284
1 3 276 280 284 277
1 3 277 284 285 286
1 3 284 283 287 285
1 3 285 287 234 233
1 3 286 285 233 235
1 3 288 286 235 239
1 3 275 277 286 288
1 3 260 275 288 258
1 3 258 288 239 240

boundary
64
1 1 0 1
4 1 3 0
1 1 1 4
4 1 8 3
4 1 10 8
4 1 12 10
1 1 4 23
1 1 23 24
1 1 24 25
1 1 25 30
1 1 30 31
1 1 31 33
4 1 75 12
4 1 76 75
4 1 78 76
4 1 80 78
4 1 82 80
4 1 84 82
4 1 99 84
4 1 100 99
4 1 102 100
4 1 106 102
4 1 108 106
3 1 109 110
4 1 110 108
3 1 112 109
3 1 115 112
3 1 117 115
3 1 128 117
3 1 130 128
3 1 133 130
3 1 135 133
3 1 178 135
3 1 180 178
3 1 183 180
3 1 185 183
3 1 196 185
3 1 198 196
3 1 201 198
2 1 202 203
3 1 203 201
2 1 204 202
2 1 206 204
2 1 208 206
2 1 210 208
2 1 212 210
2 1 223 212
2 1 224 223
2 1 226 224
2 1 230 226
2 1 232 230
2 1 234 232
1 1 33 267
1 1 267 268
1 1 268 269
1 1 269 272
1 1 272 273
1 1 273 278
1 1 278 279
1 1 279 281
2 1 281 282
2 1 282 283
2 1 283 287
2 1 287 234

vertices
289
2
0 0
0.0625 0
0.0625 0.0625
0 0.0625
0.125 0
0.125 0.0625
0.125 0.125
0.0625 0.125
0 0.125
0.0625 0.1875
0 0.1875
0.0625 0.25
0 0.25
0.125 0.1875
0.125 0.25
0.1875 0.125
0.1875 0.1875
0.1875 0.25
0.25 0.1875
0.25 0.25
0.25 0.125
0.1875 0.0625
0.25 0.0625
0.1875 0
0.25 0
0.3125 0
0.3125 0.0625
0.3125 0.125
0.375 0.0625
0.375 0.125
0.375 0
0.4375 0
0.4375 0.0625
0.5 0
0.5 0.0625
0.5 0.125
0.4375 0.125
0.4375 0.1875
0.375 0.1875
0.5 0.1875
0.5 0.25
0.4375 0.25
0.375 0.25
0.3125 0.1875
0.3125 0.25
0.3125 0.3125
0.25 0.3125
0.3125 0.375
0.25 0.375
0.375 0.3125
0.375 0.375
0.4375 0.3125
0.5 0.3125
0.5 0.375
0.4375 0.375
0.4375 0.4375
0.375 0.4375
0.5 0.4375
0.5 0.5
0.4375 0.5
0.375 0.5
0.3125 0.4375
0.3125 0.5
0.25 0.4375
0.25 0.5
0.1875 0.4375
0.1875 0.5
0.125 0.4375
0.125 0.5
0.125 0.375
0.1875 0.375
0.1875 0.3125
0.125 0.3125
0.0625 0.3125
0.0625 0.375
0 0.3125
0 0.375
0.0625 0.4375
0 0.4375
0.0625 0.5
0 0.5
0.0625 0.5625
0 0.5625
0.0625 0.625
0 0.625
0.125 0.5625
0.125 0.625
0.1875 0.5625
0.25 0.5625
0.25 0.625
0.1875 0.625
0.1875 0.6875
0.125 0.6875
0.25 0.6875
0.25 0.75
0.1875 0.75
0.125 0.75
0.0625 0.6875
0.0625 0.75
0 0.6875
0 0.75
0.0625 0.8125
0 0.8125
0.125 0.8125
0.125 0.875
0.0625 0.875
0 0.875
0.0625 0.9375
0 0.9375
0.0625 1
0 1
0.125 0.9375
0.125 1
0.1875 0.875
0.1875 0.9375
0.1875 1
0.25 0.9375
0.25 1
0.25 0.875
0.1875 0.8125
0.25 0.8125
0.3125 0.75
0.3125 0.8125
0.375 0.75
0.375 0.8125
0.375 0.875
0.3125 0.875
0.3125 0.9375
0.3125 1
0.375 0.9375
0.375 1
0.4375 0.875
0.4375 0.9375
0.4375 1
0.5 0.9375
0.5 1
0.5 0.875
0.4375 0.8125
0.5 0.8125
0.4375 0.75
0.5 0.75
0.4375 0.6875
0.5 0.6875
0.4375 0.625
0.5 0.625
0.375 0.625
0.375 0.6875
0.3125 0.6875
0.3125 0.625
0.3125 0.5625
0.375 0.5625
0.4375 0.5625
0.5 0.5625
0.5625 0.5
0.5625 0.5625
0.5625 0.625
0.625 0.5625
0.625 0.625
0.625 0.5
0.6875 0.5
0.6875 0.5625
0.75 0.5
0.75 0.5625
0.75 0.625
0.6875 0.625
0.6875 0.6875
0.625 0.6875
0.75 0.6875
0.75 0.75
0.6875 0.75
0.625 0.75
0.5625 0.6875
0.5625 0.75
0.5625 0.8125
0.625 0.8125
0.625 0.875
0.5625 0.875
0.5625 0.9375
0.5625 1
0.625 0.9375
0.625 1
0.6875 0.875
0.6875 0.9375
0.6875 1
0.75 0.9375
0.75 1
0.75 0.875
0.6875 0.8125
0.75 0.8125
0.8125 0.75
0.8125 0.8125
0.875 0.75
0.875 0.8125
0.875 0.875
0.8125 0.875
0.8125 0.9375
0.8125 1
0.875 0.9375
0.875 1
0.9375 0.875
0.9375 0.9375
0.9375 1
1 0.9375
1 1
1 0.875
0.9375 0.8125
1 0.8125
0.9375 0.75
1 0.75
0.9375 0.6875
1 0.6875
0.9375 0.625
1 0.625
0.875 0.625
0.875 0.6875
0.8125 0.6875
0.8125 0.625
0.8125 0.5625
0.875 0.5625
0.8125 0.5
0.875 0.5
0.9375 0.5
0.9375 0.5625
1 0.5625
1 0.5
0.9375 0.4375
1 0.4375
0.875 0.4375
0.875 0.375
0.9375 0.375
1 0.375
0.9375 0.3125
1 0.3125
0.9375 0.25
1 0.25
0.875 0.25
0.875 0.3125
0.8125 0.3125
0.8125 0.375
0.8125 0.25
0.75 0.25
0.75 0.3125
0.75 0.375
0.8125 0.4375
0.75 0.4375
0.6875 0.4375
0.6875 0.375
0.625 0.375
0.625 0.4375
0.5625 0.4375
0.5625 0.375
0.5625 0.3125
0.625 0.3125
0.5625 0.25
0.625 0.25
0.6875 0.25
0.6875 0.3125
0.6875 0.1875
0.75 0.1875
0.6875 0.125
0.75 0.125
0.625 0.125
0.625 0.1875
0.5625 0.1875
0.5625 0.125
0.5625 0.0625
0.625 0.0625
0.5625 0
0.625 0
0.6875 0
0.6875 0.0625
0.75 0.0625
0.75 0
0.8125 0
0.8125 0.0625
0.8125 0.125
0.875 0.0625
0.875 0.125
0.875 0
0.9375 0
0.9375 0.0625
1 0
1 0.0625
1 0.125
0.9375 0.125
0.9375 0.1875
0.875 0.1875
1 0.1875
0.8125 0.1875
