MFEM mesh v1.0

#
# MFEM Geometry Types (see mesh/geom.hpp):
#
# POINT       = 0
# SEGMENT     = 1
# TRIANGLE    = 2
# SQUARE      = 3
# TETRAHEDRON = 4
# CUBE        = 5
# PRISM       = 6
#

dimension
2

elements
256
1 3 0 1 2 3
1 3 3 2 4 5
1 3 2 6 7 4
1 3 1 8 6 2
1 3 8 9 10 6
1 3 9 11 12 10
1 3 10 12 13 14
1 3 6 10 14 7
1 3 7 14 15 16
1 3 14 13 17 15
1 3 15 17 18 19
1 3 16 15 19 20
1 3 21 16 20 22
1 3 4 7 16 21
1 3 5 4 21 23
1 3 23 21 22 24
1 3 24 22 25 26
1 3 22 20 27 25
1 3 25 27 28 29
1 3 26 25 29 30
1 3 30 29 31 32
1 3 32 31 33 34
1 3 31 35 36 33
1 3 29 28 35 31
1 3 28 37 38 35
1 3 35 38 39 36
1 3 38 40 41 39
1 3 37 42 40 38
1 3 43 44 42 37
1 3 27 43 37 28
1 3 20 19 43 27
1 3 19 18 44 43
1 3 18 45 46 44
1 3 45 47 48 46
1 3 46 48 49 50
1 3 44 46 50 42
1 3 42 50 51 40
1 3 40 51 52 41
1 3 51 53 54 52
1 3 50 49 53 51
1 3 49 55 56 53
1 3 53 56 57 54
1 3 56 58 59 57
1 3 55 60 58 56
1 3 61 62 60 55
1 3 48 61 55 49
1 3 47 63 61 48
1 3 63 64 62 61
1 3 65 66 64 63
1 3 67 68 66 65
1 3 69 67 65 70
1 3 70 65 63 47
1 3 71 70 47 45
1 3 17 71 45 18
1 3 13 72 71 17
1 3 72 69 70 71
1 3 73 74 69 72
1 3 12 73 72 13
1 3 11 75 73 12
1 3 75 76 74 73
1 3 76 77 78 74
1 3 74 78 67 69
1 3 78 79 68 67
1 3 77 80 79 78
1 3 80 81 82 79
1 3 81 83 84 82
1 3 82 84 85 86
1 3 79 82 86 68
1 3 68 86 87 66
1 3 66 87 88 64
1 3 87 89 90 88
1 3 86 85 89 87
1 3 85 91 92 89
1 3 89 92 93 90
1 3 92 94 95 93
1 3 91 96 94 92
1 3 97 98 96 91
1 3 84 97 91 85
1 3 83 99 97 84
1 3 99 100 98 97
1 3 100 101 102 98
1 3 98 102 103 96
1 3 102 104 105 103
1 3 101 106 104 102
1 3 106 107 108 104
1 3 107 109 110 108
1 3 108 110 111 112
1 3 104 108 112 105
1 3 105 112 113 114
1 3 112 111 115 113
1 3 113 115 116 117
1 3 114 113 117 118
1 3 119 114 118 120
1 3 103 105 114 119
1 3 96 103 119 94
1 3 94 119 120 95
1 3 95 120 121 122
1 3 122 121 123 124
1 3 121 125 126 123
1 3 120 118 125 121
1 3 118 117 127 125
1 3 117 116 128 127
1 3 127 128 129 130
1 3 125 127 130 126
1 3 126 130 131 132
1 3 130 129 133 131
1 3 131 133 134 135
1 3 132 131 135 136
1 3 137 132 136 138
1 3 123 126 132 137
1 3 124 123 137 139
1 3 139 137 138 140
1 3 141 139 140 142
1 3 143 141 142 144
1 3 145 146 141 143
1 3 146 124 139 141
1 3 147 122 124 146
1 3 93 95 122 147
1 3 90 93 147 148
1 3 148 147 146 145
1 3 149 148 145 150
1 3 88 90 148 149
1 3 64 88 149 62
1 3 62 149 150 60
1 3 60 150 151 58
1 3 150 145 143 151
1 3 151 143 144 152
1 3 58 151 152 59
1 3 59 152 153 154
1 3 152 144 155 153
1 3 153 155 156 157
1 3 154 153 157 158
1 3 158 157 159 160
1 3 160 159 161 162
1 3 159 163 164 161
1 3 157 156 163 159
1 3 156 165 166 163
1 3 163 166 167 164
1 3 166 168 169 167
1 3 165 170 168 166
1 3 171 172 170 165
1 3 155 171 165 156
1 3 144 142 171 155
1 3 142 140 172 171
1 3 140 138 173 172
1 3 172 173 174 170
1 3 173 175 176 174
1 3 138 136 175 173
1 3 136 135 177 175
1 3 135 134 178 177
1 3 177 178 179 180
1 3 175 177 180 176
1 3 176 180 181 182
1 3 180 179 183 181
1 3 181 183 184 185
1 3 182 181 185 186
1 3 187 182 186 188
1 3 174 176 182 187
1 3 170 174 187 168
1 3 168 187 188 169
1 3 169 188 189 190
1 3 190 189 191 192
1 3 189 193 194 191
1 3 188 186 193 189
1 3 186 185 195 193
1 3 185 184 196 195
1 3 195 196 197 198
1 3 193 195 198 194
1 3 194 198 199 200
1 3 198 197 201 199
1 3 199 201 202 203
1 3 200 199 203 204
1 3 205 200 204 206
1 3 191 194 200 205
1 3 192 191 205 207
1 3 207 205 206 208
1 3 209 207 208 210
1 3 211 209 210 212
1 3 213 214 209 211
1 3 214 192 207 209
1 3 215 190 192 214
1 3 167 169 190 215
1 3 164 167 215 216
1 3 216 215 214 213
1 3 217 216 213 218
1 3 161 164 216 217
1 3 162 161 217 219
1 3 219 217 218 220
1 3 220 218 221 222
1 3 218 213 211 221
1 3 221 211 212 223
1 3 222 221 223 224
1 3 225 222 224 226
1 3 227 220 222 225
1 3 228 227 225 229
1 3 229 225 226 230
1 3 231 229 230 232
1 3 233 231 232 234
1 3 235 236 231 233
1 3 236 228 229 231
1 3 237 238 228 236
1 3 239 237 236 235
1 3 240 241 237 239
1 3 241 242 238 237
1 3 242 243 244 238
1 3 238 244 227 228
1 3 244 219 220 227
1 3 243 162 219 244
1 3 245 160 162 243
1 3 246 245 243 242
1 3 247 248 245 246
1 3 248 158 160 245
1 3 249 154 158 248
1 3 57 59 154 249
1 3 54 57 249 250
1 3 250 249 248 247
1 3 251 250 247 252
1 3 52 54 250 251
1 3 41 52 251 253
1 3 253 251 252 254
1 3 254 252 255 256
1 3 252 247 246 255
1 3 255 246 242 241
1 3 256 255 241 240
1 3 257 256 240 258
1 3 259 257 258 260
1 3 261 262 257 259
1 3 262 254 256 257
1 3 263 253 254 262
1 3 39 41 253 263
1 3 36 39 263 264
1 3 264 263 262 261
1 3 265 264 261 266
1 3 33 36 264 265
1 3 34 33 265 267
1 3 267 265 266 268
1 3 268 266 269 270
1 3 266 261 259 269
1 3 269 259 260 271
1 3 270 269 271 272
1 3 272 271 273 274
1 3 274 273 275 276
1 3 273 277 278 275
1 3 271 260 277 273
1 3 260 258 279 277
1 3 258 240 239 279
1 3 279 239 235 280
1 3 277 279 280 278
1 3 278 280 281 282
1 3 280 235 233 281
1 3 281 233 234 283
1 3 282 281 283 284
1 3 285 282 284 286
1 3 275 278 282 285
1 3 276 275 285 287
1 3 287 285 286 288

boundary
64
7 1 0 1
7 1 3 0
7 1 5 3
7 1 1 8
7 1 8 9
7 1 9 11
7 1 23 5
7 1 24 23
7 1 26 24
7 1 30 26
7 1 32 30
7 1 34 32
7 1 11 75
7 1 75 76
7 1 76 77
7 1 77 80
7 1 80 81
7 1 81 83
7 1 83 99
7 1 99 100
7 1 100 101
7 1 101 106
7 1 106 107
7 1 107 109
7 1 109 110
7 1 110 111
7 1 111 115
7 1 115 116
7 1 116 128
7 1 128 129
7 1 129 133
7 1 133 134
7 1 134 178
7 1 178 179
7 1 179 183
7 1 183 184
7 1 184 196
7 1 196 197
7 1 197 201
7 1 201 202
7 1 202 203
7 1 203 204
7 1 204 206
7 1 206 208
7 1 208 210
7 1 210 212
7 1 212 223
7 1 223 224
7 1 224 226
7 1 226 230
7 1 230 232
7 1 232 234
7 1 267 34
7 1 268 267
7 1 270 268
7 1 272 270
7 1 274 272
7 1 276 274
7 1 234 283
7 1 283 284
7 1 284 286
7 1 287 276
7 1 286 288
7 1 288 287

vertices
289
2
0.25 0.25
0.265625 0.25
0.265625 0.265625
0.25 0.265625
0.265625 0.28125
0.25 0.28125
0.28125 0.265625
0.28125 0.28125
0.28125 0.25
0.296875 0.25
0.296875 0.265625
0.3125 0.25
0.3125 0.265625
0.3125 0.28125
0.296875 0.28125
0.296875 0.296875
0.28125 0.296875
0.3125 0.296875
0.3125 0.3125
0.296875 0.3125
0.28125 0.3125
0.265625 0.296875
0.265625 0.3125
0.25 0.296875
0.25 0.3125
0.265625 0.328125
0.25 0.328125
0.28125 0.328125
0.28125 0.34375
0.265625 0.34375
0.25 0.34375
0.265625 0.359375
0.25 0.359375
0.265625 0.375
0.25 0.375
0.28125 0.359375
0.28125 0.375
0.296875 0.34375
0.296875 0.359375
0.296875 0.375
0.3125 0.359375
0.3125 0.375
0.3125 0.34375
0.296875 0.328125
0.3125 0.328125
0.328125 0.3125
0.328125 0.328125
0.34375 0.3125
0.34375 0.328125
0.34375 0.34375
0.328125 0.34375
0.328125 0.359375
0.328125 0.375
0.34375 0.359375
0.34375 0.375
0.359375 0.34375
0.359375 0.359375
0.359375 0.375
0.375 0.359375
0.375 0.375
0.375 0.34375
0.359375 0.328125
0.375 0.328125
0.359375 0.3125
0.375 0.3125
0.359375 0.296875
0.375 0.296875
0.359375 0.28125
0.375 0.28125
0.34375 0.28125
0.34375 0.296875
0.328125 0.296875
0.328125 0.28125
0.328125 0.265625
0.34375 0.265625
0.328125 0.25
0.34375 0.25
0.359375 0.25
0.359375 0.265625
0.375 0.265625
0.375 0.25
0.390625 0.25
0.390625 0.265625
0.40625 0.25
0.40625 0.265625
0.40625 0.28125
0.390625 0.28125
0.390625 0.296875
0.390625 0.3125
0.40625 0.296875
0.40625 0.3125
0.421875 0.28125
0.421875 0.296875
0.421875 0.3125
0.4375 0.296875
0.4375 0.3125
0.4375 0.28125
0.421875 0.265625
0.4375 0.265625
0.421875 0.25
0.4375 0.25
0.453125 0.25
0.453125 0.265625
0.453125 0.28125
0.46875 0.265625
0.46875 0.28125
0.46875 0.25
0.484375 0.25
0.484375 0.265625
0.5 0.25
0.5 0.265625
0.5 0.28125
0.484375 0.28125
0.484375 0.296875
0.46875 0.296875
0.5 0.296875
0.5 0.3125
0.484375 0.3125
0.46875 0.3125
0.453125 0.296875
0.453125 0.3125
0.453125 0.328125
0.4375 0.328125
0.453125 0.34375
0.4375 0.34375
0.46875 0.328125
0.46875 0.34375
0.484375 0.328125
0.5 0.328125
0.5 0.34375
0.484375 0.34375
0.484375 0.359375
0.46875 0.359375
0.5 0.359375
0.5 0.375
0.484375 0.375
0.46875 0.375
0.453125 0.359375
0.453125 0.375
0.4375 0.359375
0.4375 0.375
0.421875 0.359375
0.421875 0.375
0.40625 0.359375
0.40625 0.375
0.40625 0.34375
0.421875 0.34375
0.421875 0.328125
0.40625 0.328125
0.390625 0.328125
0.390625 0.34375
0.390625 0.359375
0.390625 0.375
0.390625 0.390625
0.375 0.390625
0.40625 0.390625
0.40625 0.40625
0.390625 0.40625
0.375 0.40625
0.390625 0.421875
0.375 0.421875
0.390625 0.4375
0.375 0.4375
0.40625 0.421875
0.40625 0.4375
0.421875 0.40625
0.421875 0.421875
0.421875 0.4375
0.4375 0.421875
0.4375 0.4375
0.4375 0.40625
0.421875 0.390625
0.4375 0.390625
0.453125 0.390625
0.453125 0.40625
0.46875 0.390625
0.46875 0.40625
0.484375 0.390625
0.5 0.390625
0.5 0.40625
0.484375 0.40625
0.484375 0.421875
0.46875 0.421875
0.5 0.421875
0.5 0.4375
0.484375 0.4375
0.46875 0.4375
0.453125 0.421875
0.453125 0.4375
0.453125 0.453125
0.4375 0.453125
0.453125 0.46875
0.4375 0.46875
0.46875 0.453125
0.46875 0.46875
0.484375 0.453125
0.5 0.453125
0.5 0.46875
0.484375 0.46875
0.484375 0.484375
0.46875 0.484375
0.5 0.484375
0.5 0.5
0.484375 0.5
0.46875 0.5
0.453125 0.484375
0.453125 0.5
0.4375 0.484375
0.4375 0.5
0.421875 0.484375
0.421875 0.5
0.40625 0.484375
0.40625 0.5
0.40625 0.46875
0.421875 0.46875
0.421875 0.453125
0.40625 0.453125
0.390625 0.453125
0.390625 0.46875
0.375 0.453125
0.375 0.46875
0.390625 0.484375
0.375 0.484375
0.390625 0.5
0.375 0.5
0.359375 0.484375
0.359375 0.5
0.359375 0.46875
0.34375 0.46875
0.34375 0.484375
0.34375 0.5
0.328125 0.484375
0.328125 0.5
0.3125 0.484375
0.3125 0.5
0.3125 0.46875
0.328125 0.46875
0.328125 0.453125
0.34375 0.453125
0.3125 0.453125
0.3125 0.4375
0.328125 0.4375
0.34375 0.4375
0.359375 0.4375
0.359375 0.453125
0.359375 0.421875
0.34375 0.421875
0.34375 0.40625
0.359375 0.40625
0.359375 0.390625
0.34375 0.390625
0.328125 0.390625
0.328125 0.40625
0.3125 0.390625
0.3125 0.40625
0.328125 0.421875
0.3125 0.421875
0.296875 0.421875
0.296875 0.4375
0.28125 0.421875
0.28125 0.4375
0.28125 0.40625
0.296875 0.40625
0.296875 0.390625
0.28125 0.390625
0.265625 0.390625
0.265625 0.40625
0.25 0.390625
0.25 0.40625
0.265625 0.421875
0.25 0.421875
0.265625 0.4375
0.25 0.4375
0.265625 0.453125
0.25 0.453125
0.265625 0.46875
0.25 0.46875
0.28125 0.453125
0.28125 0.46875
0.296875 0.453125
0.296875 0.46875
0.296875 0.484375
0.28125 0.484375
0.296875 0.5
0.28125 0.5
0.265625 0.484375
0.265625 0.5
0.25 0.484375
0.25 0.5
