MFEM mesh v1.0

#
# MFEM Geometry Types (see mesh/geom.hpp):
#
# POINT       = 0
# SEGMENT     = 1
# TRIANGLE    = 2
# SQUARE      = 3
# TETRAHEDRON = 4
# CUBE        = 5
# PRISM       = 6
#

dimension
2

elements
184
1 3 20 17 18 19
1 3 21 22 17 20
1 3 8 21 20 9
1 3 6 5 21 8
1 3 5 4 22 21
1 3 4 3 23 22
1 3 22 23 15 17
1 3 23 24 16 15
1 3 3 0 24 23
1 3 0 25 26 24
1 3 24 26 27 16
1 3 26 28 29 27
1 3 25 30 28 26
1 3 30 31 32 28
1 3 31 33 34 32
1 3 32 34 35 36
1 3 28 32 36 29
1 3 29 36 37 38
1 3 36 35 39 37
1 3 37 39 40 41
1 3 38 37 41 42
1 3 43 38 42 44
1 3 27 29 38 43
1 3 16 27 43 14
1 3 14 43 44 13
1 3 13 44 45 12
1 3 44 42 46 45
1 3 45 46 47 48
1 3 12 45 48 11
1 3 11 48 49 10
1 3 10 49 50 7
1 3 49 51 52 50
1 3 48 47 51 49
1 3 47 53 54 51
1 3 51 54 55 52
1 3 54 56 57 55
1 3 53 58 56 54
1 3 59 60 58 53
1 3 46 59 53 47
1 3 42 41 59 46
1 3 41 40 60 59
1 3 40 61 62 58
1 3 58 63 64 56
1 3 56 64 65 57
1 3 64 66 67 65
1 3 63 62 66 64
1 3 62 68 69 66
1 3 66 69 70 67
1 3 69 71 72 70
1 3 68 73 71 69
1 3 74 75 73 68
1 3 76 74 68 62
1 3 61 77 74 76
1 3 77 78 75 74
1 3 79 80 78 77
1 3 81 82 80 79
1 3 83 81 79 84
1 3 84 79 77 61
1 3 85 84 61 86
1 3 39 85 86 40
1 3 35 87 85 39
1 3 87 83 84 85
1 3 88 89 83 87
1 3 34 88 87 35
1 3 33 90 88 34
1 3 90 91 89 88
1 3 91 92 93 89
1 3 89 93 81 83
1 3 93 94 82 81
1 3 92 95 94 93
1 3 95 96 97 94
1 3 96 98 99 97
1 3 97 99 100 101
1 3 94 97 101 82
1 3 82 101 102 80
1 3 80 102 103 78
1 3 102 104 105 103
1 3 101 100 104 102
1 3 100 106 107 104
1 3 104 107 108 105
1 3 107 109 110 108
1 3 106 111 109 107
1 3 112 113 111 106
1 3 99 112 106 100
1 3 98 114 112 99
1 3 114 115 113 112
1 3 115 116 117 113
1 3 113 117 118 111
1 3 117 119 120 118
1 3 116 121 119 117
1 3 121 122 123 119
1 3 122 1 124 123
1 3 123 124 125 126
1 3 119 123 126 120
1 3 120 126 127 128
1 3 126 125 129 127
1 3 127 129 130 131
1 3 128 127 131 132
1 3 133 128 132 134
1 3 118 120 128 133
1 3 111 118 133 109
1 3 109 133 134 110
1 3 110 134 135 136
1 3 136 135 137 138
1 3 135 139 140 137
1 3 134 132 139 135
1 3 132 131 141 139
1 3 131 130 142 141
1 3 141 142 143 144
1 3 139 141 144 140
1 3 140 144 145 146
1 3 144 143 147 145
1 3 145 147 148 149
1 3 146 145 149 150
1 3 151 146 150 152
1 3 137 140 146 151
1 3 138 137 151 153
1 3 153 151 152 154
1 3 155 138 154 156
1 3 157 136 138 158
1 3 108 110 136 157
1 3 105 108 157 159
1 3 159 157 158 155
1 3 160 159 155 161
1 3 103 105 159 160
1 3 78 103 160 75
1 3 75 160 161 73
1 3 73 161 162 71
1 3 161 155 163 162
1 3 162 163 156 164
1 3 71 162 164 72
1 3 72 164 165 166
1 3 164 156 167 165
1 3 165 167 168 169
1 3 166 165 169 170
1 3 170 169 171 172
1 3 172 171 173 174
1 3 171 175 176 173
1 3 169 168 175 171
1 3 168 177 178 175
1 3 175 178 179 176
1 3 178 180 181 179
1 3 177 182 180 178
1 3 156 154 182 168
1 3 154 152 183 184
1 3 184 183 185 182
1 3 183 186 187 185
1 3 152 150 186 183
1 3 150 149 188 186
1 3 149 148 189 188
1 3 188 189 190 191
1 3 186 188 191 187
1 3 187 191 192 193
1 3 191 190 194 192
1 3 192 194 195 196
1 3 193 192 196 197
1 3 198 193 197 199
1 3 185 187 193 198
1 3 182 185 198 180
1 3 180 198 199 181
1 3 181 199 200 201
1 3 201 200 202 203
1 3 200 204 205 202
1 3 199 197 204 200
1 3 197 196 206 204
1 3 196 195 207 206
1 3 206 207 208 209
1 3 204 206 209 205
1 3 205 209 210 211
1 3 209 208 212 210
1 3 210 212 2 213
1 3 211 210 213 214
1 3 215 211 214 216
1 3 202 205 211 215
1 3 203 202 215 217
1 3 217 215 216 218
1 3 219 217 218 220
1 3 221 219 220 222
1 3 223 224 219 221
1 3 224 203 217 219
1 3 225 201 203 224
1 3 179 181 201 225
1 3 176 179 225 226
1 3 226 225 224 223

boundary
74
13 1 17 18
13 1 18 19
13 1 19 20
13 1 20 9
13 1 9 8
13 1 6 5
13 1 8 6
13 1 5 4
13 1 4 3
13 1 15 17
13 1 16 15
13 1 3 0
13 1 0 25
13 1 25 30
13 1 30 31
13 1 31 33
13 1 14 16
13 1 13 14
13 1 12 13
13 1 11 12
13 1 10 11
13 1 50 7
13 1 7 10
13 1 52 50
13 1 55 52
13 1 57 55
13 1 65 57
13 1 67 65
13 1 70 67
13 1 72 70
13 1 33 90
13 1 90 91
13 1 91 92
13 1 92 95
13 1 95 96
13 1 96 98
13 1 98 114
13 1 114 115
13 1 115 116
13 1 116 121
13 1 121 122
13 1 122 1
13 1 1 124
13 1 124 125
13 1 125 129
13 1 129 130
13 1 130 142
13 1 142 143
13 1 143 147
13 1 147 148
13 1 166 72
13 1 170 166
13 1 172 170
13 1 173 174
13 1 174 172
13 1 176 173
13 1 148 189
13 1 189 190
13 1 190 194
13 1 194 195
13 1 195 207
13 1 207 208
13 1 208 212
13 1 212 2
13 1 2 213
13 1 213 214
13 1 214 216
13 1 216 218
13 1 218 220
13 1 220 222
13 1 222 221
13 1 221 223
13 1 226 176
13 1 223 226

vertices
227
2
0.5 0.5
0.75 0.5
0.75 0.75
0.484375 0.5
0.46875 0.5
0.453125 0.5
0.4375 0.5
0.5 0.625
0.4375 0.515625
0.4375 0.53125
0.5 0.609375
0.5 0.59375
0.5 0.578125
0.5 0.5625
0.5 0.546875
0.484375 0.53125
0.5 0.53125
0.46875 0.53125
0.46875 0.546875
0.453125 0.546875
0.453125 0.53125
0.453125 0.515625
0.46875 0.515625
0.484375 0.515625
0.5 0.515625
0.515625 0.5
0.515625 0.515625
0.515625 0.53125
0.53125 0.515625
0.53125 0.53125
0.53125 0.5
0.546875 0.5
0.546875 0.515625
0.5625 0.5
0.5625 0.515625
0.5625 0.53125
0.546875 0.53125
0.546875 0.546875
0.53125 0.546875
0.5625 0.546875
0.5625 0.5625
0.546875 0.5625
0.53125 0.5625
0.515625 0.546875
0.515625 0.5625
0.515625 0.578125
0.53125 0.578125
0.53125 0.59375
0.515625 0.59375
0.515625 0.609375
0.515625 0.625
0.53125 0.609375
0.53125 0.625
0.546875 0.59375
0.546875 0.609375
0.546875 0.625
0.5625 0.609375
0.5625 0.625
0.5625 0.59375
0.546875 0.578125
0.5625 0.578125
0.59375 0.5625
0.59375 0.59375
0.578125 0.59375
0.578125 0.609375
0.578125 0.625
0.59375 0.609375
0.59375 0.625
0.609375 0.59375
0.609375 0.609375
0.609375 0.625
0.625 0.609375
0.625 0.625
0.625 0.59375
0.609375 0.578125
0.625 0.578125
0.59375 0.578125
0.609375 0.5625
0.625 0.5625
0.609375 0.546875
0.625 0.546875
0.609375 0.53125
0.625 0.53125
0.59375 0.53125
0.59375 0.546875
0.578125 0.546875
0.578125 0.5625
0.578125 0.53125
0.578125 0.515625
0.59375 0.515625
0.578125 0.5
0.59375 0.5
0.609375 0.5
0.609375 0.515625
0.625 0.515625
0.625 0.5
0.640625 0.5
0.640625 0.515625
0.65625 0.5
0.65625 0.515625
0.65625 0.53125
0.640625 0.53125
0.640625 0.546875
0.640625 0.5625
0.65625 0.546875
0.65625 0.5625
0.671875 0.53125
0.671875 0.546875
0.671875 0.5625
0.6875 0.546875
0.6875 0.5625
0.6875 0.53125
0.671875 0.515625
0.6875 0.515625
0.671875 0.5
0.6875 0.5
0.703125 0.5
0.703125 0.515625
0.703125 0.53125
0.71875 0.515625
0.71875 0.53125
0.71875 0.5
0.734375 0.5
0.734375 0.515625
0.75 0.515625
0.75 0.53125
0.734375 0.53125
0.734375 0.546875
0.71875 0.546875
0.75 0.546875
0.75 0.5625
0.734375 0.5625
0.71875 0.5625
0.703125 0.546875
0.703125 0.5625
0.703125 0.578125
0.6875 0.578125
0.703125 0.59375
0.6875 0.59375
0.71875 0.578125
0.71875 0.59375
0.734375 0.578125
0.75 0.578125
0.75 0.59375
0.734375 0.59375
0.734375 0.609375
0.71875 0.609375
0.75 0.609375
0.75 0.625
0.734375 0.625
0.71875 0.625
0.703125 0.609375
0.703125 0.625
0.6875 0.609375
0.6875 0.625
0.65625 0.59375
0.65625 0.625
0.671875 0.578125
0.671875 0.59375
0.65625 0.578125
0.640625 0.578125
0.640625 0.59375
0.640625 0.609375
0.65625 0.609375
0.640625 0.625
0.640625 0.640625
0.625 0.640625
0.65625 0.640625
0.65625 0.65625
0.640625 0.65625
0.625 0.65625
0.640625 0.671875
0.625 0.671875
0.640625 0.6875
0.625 0.6875
0.65625 0.671875
0.65625 0.6875
0.671875 0.65625
0.671875 0.671875
0.671875 0.6875
0.6875 0.671875
0.6875 0.6875
0.6875 0.65625
0.703125 0.640625
0.6875 0.640625
0.703125 0.65625
0.71875 0.640625
0.71875 0.65625
0.734375 0.640625
0.75 0.640625
0.75 0.65625
0.734375 0.65625
0.734375 0.671875
0.71875 0.671875
0.75 0.671875
0.75 0.6875
0.734375 0.6875
0.71875 0.6875
0.703125 0.671875
0.703125 0.6875
0.703125 0.703125
0.6875 0.703125
0.703125 0.71875
0.6875 0.71875
0.71875 0.703125
0.71875 0.71875
0.734375 0.703125
0.75 0.703125
0.75 0.71875
0.734375 0.71875
0.734375 0.734375
0.71875 0.734375
0.75 0.734375
0.734375 0.75
0.71875 0.75
0.703125 0.734375
0.703125 0.75
0.6875 0.734375
0.6875 0.75
0.671875 0.734375
0.671875 0.75
0.65625 0.734375
0.65625 0.75
0.65625 0.71875
0.671875 0.71875
0.671875 0.703125
0.65625 0.703125
