MFEM mesh v1.0

#
# MFEM Geometry Types (see mesh/geom.hpp):
#
# POINT       = 0
# SEGMENT     = 1
# TRIANGLE    = 2
# SQUARE      = 3
# TETRAHEDRON = 4
# CUBE        = 5
# PRISM       = 6
#

dimension
2

elements
186
1 3 19 24 25 17
1 3 17 25 26 18
1 3 25 27 28 26
1 3 24 23 27 25
1 3 23 29 30 27
1 3 27 30 31 28
1 3 30 32 33 31
1 3 29 34 32 30
1 3 35 36 34 29
1 3 22 35 29 23
1 3 21 37 35 22
1 3 37 38 36 35
1 3 39 40 38 37
1 3 41 42 40 39
1 3 43 41 39 44
1 3 44 39 37 21
1 3 45 44 21 20
1 3 13 45 20 14
1 3 12 46 45 13
1 3 46 43 44 45
1 3 47 48 43 49
1 3 50 51 48 47
1 3 52 50 47 53
1 3 53 47 49 46
1 3 11 52 46 12
1 3 10 9 52 11
1 3 9 8 51 52
1 3 8 54 55 51
1 3 51 55 41 43
1 3 55 56 42 41
1 3 54 7 56 55
1 3 7 6 57 42
1 3 42 58 59 40
1 3 40 59 60 38
1 3 59 61 62 60
1 3 58 57 61 59
1 3 57 63 64 62
1 3 6 5 63 57
1 3 5 65 66 67
1 3 67 66 68 63
1 3 66 69 70 68
1 3 65 4 69 66
1 3 4 3 71 69
1 3 3 0 72 71
1 3 71 72 73 74
1 3 69 71 74 70
1 3 70 74 75 76
1 3 74 73 77 75
1 3 75 77 78 79
1 3 76 75 79 80
1 3 81 76 80 82
1 3 68 70 76 81
1 3 63 68 81 83
1 3 83 81 82 64
1 3 64 82 84 85
1 3 85 84 86 87
1 3 84 88 89 86
1 3 82 80 88 84
1 3 80 79 90 88
1 3 79 78 91 90
1 3 90 91 92 93
1 3 88 90 93 89
1 3 89 93 94 95
1 3 93 92 96 94
1 3 94 96 97 98
1 3 95 94 98 99
1 3 100 95 99 101
1 3 86 89 95 100
1 3 87 86 100 102
1 3 102 100 101 103
1 3 104 87 103 105
1 3 62 64 87 104
1 3 106 107 104 108
1 3 60 62 107 106
1 3 38 60 106 36
1 3 36 106 108 34
1 3 34 108 109 32
1 3 108 104 110 109
1 3 109 110 105 111
1 3 32 109 111 33
1 3 33 105 112 113
1 3 113 112 114 115
1 3 112 116 117 114
1 3 105 103 116 112
1 3 103 101 118 119
1 3 119 118 120 116
1 3 118 121 122 120
1 3 101 99 121 118
1 3 99 98 123 121
1 3 98 97 124 123
1 3 123 124 125 126
1 3 121 123 126 122
1 3 122 126 127 128
1 3 126 125 129 127
1 3 127 129 130 131
1 3 128 127 131 132
1 3 133 128 132 134
1 3 120 122 128 133
1 3 116 120 133 135
1 3 135 133 134 117
1 3 117 134 136 137
1 3 137 136 138 139
1 3 136 140 141 138
1 3 134 132 140 136
1 3 132 131 142 140
1 3 131 130 143 142
1 3 142 143 144 145
1 3 140 142 145 141
1 3 141 145 146 147
1 3 145 144 148 146
1 3 146 148 2 149
1 3 147 146 149 150
1 3 151 147 150 152
1 3 138 141 147 151
1 3 139 138 151 153
1 3 153 151 152 154
1 3 155 153 154 156
1 3 157 155 156 158
1 3 159 160 155 157
1 3 160 139 153 155
1 3 114 117 139 159
1 3 115 114 159 161
1 3 161 162 163 164
1 3 162 159 157 163
1 3 163 157 158 165
1 3 164 163 165 166
1 3 167 164 166 168
1 3 169 161 164 167
1 3 170 169 167 171
1 3 171 167 168 172
1 3 173 171 172 174
1 3 175 173 174 176
1 3 177 178 173 175
1 3 178 170 171 173
1 3 179 180 170 177
1 3 180 115 161 170
1 3 181 113 115 180
1 3 28 33 113 181
1 3 18 28 181 182
1 3 182 181 180 179
1 3 183 182 179 184
1 3 15 18 182 183
1 3 16 15 183 185
1 3 185 183 184 186
1 3 186 184 187 188
1 3 184 179 177 187
1 3 187 177 176 189
1 3 188 187 189 1
1 3 1 189 190 191
1 3 191 190 192 193
1 3 190 194 195 196
1 3 196 195 197 192
1 3 195 198 199 197
1 3 194 200 198 195
1 3 189 176 200 190
1 3 176 174 201 202
1 3 202 201 203 200
1 3 201 204 205 203
1 3 174 172 204 201
1 3 172 168 206 204
1 3 168 166 207 206
1 3 206 207 208 209
1 3 204 206 209 205
1 3 205 209 210 211
1 3 209 208 212 210
1 3 210 212 213 214
1 3 211 210 214 215
1 3 216 211 215 217
1 3 203 205 211 216
1 3 200 203 216 198
1 3 198 216 217 199
1 3 199 217 218 219
1 3 219 218 220 221
1 3 218 222 223 220
1 3 217 215 222 218
1 3 215 214 224 222
1 3 214 213 225 224
1 3 224 225 226 227
1 3 222 224 227 223
1 3 223 227 228 229
1 3 227 226 230 228
1 3 228 230 231 232
1 3 229 228 232 233
1 3 234 229 233 235
1 3 220 223 229 234
1 3 221 220 234 236

boundary
73
4 1 185 16
4 1 186 185
4 1 188 186
4 1 1 188
4 1 191 1
4 1 193 191
9 1 19 24
9 1 17 19
9 1 18 17
9 1 24 23
9 1 23 22
9 1 22 21
9 1 21 20
9 1 20 14
9 1 13 12
9 1 10 9
9 1 9 8
9 1 7 6
9 1 6 5
9 1 4 3
9 1 3 0
9 1 0 72
9 1 72 73
9 1 73 77
9 1 77 78
9 1 78 91
9 1 91 92
9 1 92 96
9 1 96 97
9 1 97 124
9 1 124 125
9 1 125 129
9 1 129 130
9 1 130 143
9 1 143 144
9 1 144 148
9 1 148 2
9 1 2 149
9 1 149 150
9 1 150 152
9 1 152 154
9 1 154 156
9 1 156 158
9 1 158 165
9 1 165 166
9 1 16 15
9 1 192 193
9 1 197 192
9 1 199 197
9 1 166 207
9 1 207 208
9 1 208 212
9 1 212 213
9 1 219 199
9 1 221 219
9 1 213 225
9 1 225 226
9 1 226 230
9 1 230 231
9 1 231 232
9 1 232 233
9 1 235 234
9 1 234 236
9 1 236 221
9 1 14 13
9 1 12 11
9 1 11 10
9 1 15 18
9 1 65 4
9 1 5 65
9 1 54 7
9 1 8 54
9 1 233 235

vertices
237
2
0.25 0.5
0 0.75
0.25 0.75
0.234375 0.5
0.21875 0.5
0.1875 0.5
0.15625 0.5
0.125 0.5
0.09375 0.5
0.078125 0.5
0.0625 0.5
0.0625 0.515625
0.0625 0.53125
0.0625 0.546875
0.0625 0.5625
0.03125 0.625
0 0.625
0.0625 0.609375
0.0625 0.625
0.0625 0.59375
0.078125 0.5625
0.09375 0.5625
0.09375 0.578125
0.09375 0.59375
0.078125 0.59375
0.078125 0.609375
0.078125 0.625
0.09375 0.609375
0.09375 0.625
0.109375 0.59375
0.109375 0.609375
0.109375 0.625
0.125 0.609375
0.125 0.625
0.125 0.59375
0.109375 0.578125
0.125 0.578125
0.109375 0.5625
0.125 0.5625
0.109375 0.546875
0.125 0.546875
0.109375 0.53125
0.125 0.53125
0.09375 0.53125
0.09375 0.546875
0.078125 0.546875
0.078125 0.53125
0.0859375 0.5234375
0.09375 0.5234375
0.0859375 0.53125
0.0859375 0.515625
0.09375 0.515625
0.078125 0.515625
0.078125 0.5234375
0.109375 0.5
0.109375 0.515625
0.125 0.515625
0.15625 0.53125
0.140625 0.53125
0.140625 0.546875
0.140625 0.5625
0.15625 0.546875
0.15625 0.5625
0.1875 0.53125
0.1875 0.5625
0.203125 0.5
0.203125 0.515625
0.1875 0.515625
0.203125 0.53125
0.21875 0.515625
0.21875 0.53125
0.234375 0.515625
0.25 0.515625
0.25 0.53125
0.234375 0.53125
0.234375 0.546875
0.21875 0.546875
0.25 0.546875
0.25 0.5625
0.234375 0.5625
0.21875 0.5625
0.203125 0.546875
0.203125 0.5625
0.1875 0.546875
0.203125 0.578125
0.1875 0.578125
0.203125 0.59375
0.1875 0.59375
0.21875 0.578125
0.21875 0.59375
0.234375 0.578125
0.25 0.578125
0.25 0.59375
0.234375 0.59375
0.234375 0.609375
0.21875 0.609375
0.25 0.609375
0.25 0.625
0.234375 0.625
0.21875 0.625
0.203125 0.609375
0.203125 0.625
0.1875 0.609375
0.1875 0.625
0.15625 0.59375
0.15625 0.625
0.140625 0.578125
0.15625 0.578125
0.140625 0.59375
0.140625 0.609375
0.15625 0.609375
0.140625 0.625
0.15625 0.65625
0.125 0.65625
0.15625 0.6875
0.125 0.6875
0.1875 0.65625
0.1875 0.6875
0.203125 0.640625
0.1875 0.640625
0.203125 0.65625
0.21875 0.640625
0.21875 0.65625
0.234375 0.640625
0.25 0.640625
0.25 0.65625
0.234375 0.65625
0.234375 0.671875
0.21875 0.671875
0.25 0.671875
0.25 0.6875
0.234375 0.6875
0.21875 0.6875
0.203125 0.671875
0.203125 0.6875
0.1875 0.671875
0.203125 0.703125
0.1875 0.703125
0.203125 0.71875
0.1875 0.71875
0.21875 0.703125
0.21875 0.71875
0.234375 0.703125
0.25 0.703125
0.25 0.71875
0.234375 0.71875
0.234375 0.734375
0.21875 0.734375
0.25 0.734375
0.234375 0.75
0.21875 0.75
0.203125 0.734375
0.203125 0.75
0.1875 0.734375
0.1875 0.75
0.171875 0.734375
0.171875 0.75
0.15625 0.734375
0.15625 0.75
0.15625 0.71875
0.171875 0.71875
0.125 0.71875
0.140625 0.71875
0.140625 0.734375
0.125 0.734375
0.140625 0.75
0.125 0.75
0.109375 0.734375
0.109375 0.75
0.109375 0.71875
0.09375 0.71875
0.09375 0.734375
0.09375 0.75
0.078125 0.734375
0.078125 0.75
0.0625 0.734375
0.0625 0.75
0.0625 0.71875
0.078125 0.71875
0.0625 0.6875
0.09375 0.6875
0.09375 0.65625
0.0625 0.65625
0.03125 0.65625
0.03125 0.6875
0 0.65625
0 0.6875
0.03125 0.71875
0 0.71875
0.03125 0.75
0.03125 0.78125
0 0.78125
0.03125 0.8125
0 0.8125
0.046875 0.78125
0.046875 0.796875
0.03125 0.796875
0.046875 0.8125
0.0625 0.796875
0.0625 0.8125
0.0625 0.78125
0.078125 0.765625
0.0625 0.765625
0.078125 0.78125
0.09375 0.765625
0.09375 0.78125
0.109375 0.765625
0.125 0.765625
0.125 0.78125
0.109375 0.78125
0.109375 0.796875
0.09375 0.796875
0.125 0.796875
0.125 0.8125
0.109375 0.8125
0.09375 0.8125
0.078125 0.796875
0.078125 0.8125
0.078125 0.828125
0.0625 0.828125
0.078125 0.84375
0.0625 0.84375
0.09375 0.828125
0.09375 0.84375
0.109375 0.828125
0.125 0.828125
0.125 0.84375
0.109375 0.84375
0.109375 0.859375
0.09375 0.859375
0.125 0.859375
0.125 0.875
0.109375 0.875
0.09375 0.875
0.078125 0.859375
0.078125 0.875
0.0625 0.859375
