MFEM mesh v1.0

#
# MFEM Geometry Types (see mesh/geom.hpp):
#
# POINT       = 0
# SEGMENT     = 1
# TRIANGLE    = 2
# SQUARE      = 3
# TETRAHEDRON = 4
# CUBE        = 5
# PRISM       = 6
#

dimension
2

elements
256
1 3 34 33 3 35
1 3 36 34 35 37
1 3 38 39 34 36
1 3 39 32 33 34
1 3 40 31 32 39
1 3 41 30 31 40
1 3 42 41 40 43
1 3 43 40 39 38
1 3 44 43 38 45
1 3 46 42 43 44
1 3 47 46 44 48
1 3 48 44 45 49
1 3 49 45 50 51
1 3 45 38 36 50
1 3 50 36 37 52
1 3 51 50 52 53
1 3 54 51 53 55
1 3 56 49 51 54
1 3 57 56 54 58
1 3 58 54 55 59
1 3 60 58 59 61
1 3 62 60 61 63
1 3 64 65 60 62
1 3 65 57 58 60
1 3 66 67 57 65
1 3 68 66 65 64
1 3 69 70 66 68
1 3 70 71 67 66
1 3 71 72 73 67
1 3 67 73 56 57
1 3 73 48 49 56
1 3 72 47 48 73
1 3 74 75 47 72
1 3 76 77 75 74
1 3 78 76 74 79
1 3 79 74 72 71
1 3 80 79 71 70
1 3 81 80 70 69
1 3 82 83 80 81
1 3 83 78 79 80
1 3 84 85 78 83
1 3 86 84 83 82
1 3 87 88 84 86
1 3 88 89 85 84
1 3 89 90 91 85
1 3 85 91 76 78
1 3 91 92 77 76
1 3 90 93 92 91
1 3 93 94 95 92
1 3 94 96 97 95
1 3 95 97 98 99
1 3 92 95 99 77
1 3 77 99 100 75
1 3 75 100 46 47
1 3 100 101 42 46
1 3 99 98 101 100
1 3 98 102 103 101
1 3 101 103 41 42
1 3 103 29 30 41
1 3 102 28 29 103
1 3 104 27 28 102
1 3 97 104 102 98
1 3 96 105 104 97
1 3 105 26 27 104
1 3 106 25 26 105
1 3 107 24 25 106
1 3 108 107 106 109
1 3 109 106 105 96
1 3 110 109 96 94
1 3 111 110 94 93
1 3 112 113 110 111
1 3 113 108 109 110
1 3 114 115 108 113
1 3 116 114 113 112
1 3 117 118 114 116
1 3 118 119 115 114
1 3 119 120 121 115
1 3 115 121 107 108
1 3 121 23 24 107
1 3 120 22 23 121
1 3 122 21 22 120
1 3 123 122 120 119
1 3 124 125 122 123
1 3 125 20 21 122
1 3 126 19 20 125
1 3 18 1 19 126
1 3 17 18 126 127
1 3 127 126 125 124
1 3 128 127 124 129
1 3 16 17 127 128
1 3 15 16 128 130
1 3 130 128 129 131
1 3 131 129 132 133
1 3 129 124 123 132
1 3 132 123 119 118
1 3 133 132 118 117
1 3 134 133 117 135
1 3 136 134 135 137
1 3 138 139 134 136
1 3 139 131 133 134
1 3 140 130 131 139
1 3 14 15 130 140
1 3 13 14 140 141
1 3 141 140 139 138
1 3 142 141 138 143
1 3 12 13 141 142
1 3 11 12 142 144
1 3 144 142 143 145
1 3 145 143 146 147
1 3 143 138 136 146
1 3 146 136 137 148
1 3 147 146 148 149
1 3 149 148 150 151
1 3 151 150 152 153
1 3 150 154 155 152
1 3 148 137 154 150
1 3 137 135 156 154
1 3 135 117 116 156
1 3 156 116 112 157
1 3 154 156 157 155
1 3 155 157 158 159
1 3 157 112 111 158
1 3 158 111 93 90
1 3 159 158 90 89
1 3 160 159 89 88
1 3 152 155 159 160
1 3 153 152 160 161
1 3 161 160 88 87
1 3 162 161 87 163
1 3 164 153 161 162
1 3 165 164 162 166
1 3 166 162 163 167
1 3 168 166 167 169
1 3 170 168 169 171
1 3 172 173 168 170
1 3 173 165 166 168
1 3 174 175 165 173
1 3 176 174 173 172
1 3 177 178 174 176
1 3 178 179 175 174
1 3 179 180 181 175
1 3 175 181 164 165
1 3 181 151 153 164
1 3 180 149 151 181
1 3 182 147 149 180
1 3 183 182 180 179
1 3 184 185 182 183
1 3 185 145 147 182
1 3 186 144 145 185
1 3 10 11 144 186
1 3 9 10 186 187
1 3 187 186 185 184
1 3 188 187 184 189
1 3 8 9 187 188
1 3 7 8 188 190
1 3 190 188 189 191
1 3 191 189 192 193
1 3 189 184 183 192
1 3 192 183 179 178
1 3 193 192 178 177
1 3 194 193 177 195
1 3 196 194 195 197
1 3 198 199 194 196
1 3 199 191 193 194
1 3 200 190 191 199
1 3 6 7 190 200
1 3 5 6 200 201
1 3 201 200 199 198
1 3 202 201 198 203
1 3 4 5 201 202
1 3 0 4 202 204
1 3 204 202 203 205
1 3 205 203 206 207
1 3 203 198 196 206
1 3 206 196 197 208
1 3 207 206 208 209
1 3 209 208 210 211
1 3 211 210 212 213
1 3 210 214 215 212
1 3 208 197 214 210
1 3 197 195 216 214
1 3 195 177 176 216
1 3 216 176 172 217
1 3 214 216 217 215
1 3 215 217 218 219
1 3 217 172 170 218
1 3 218 170 171 220
1 3 219 218 220 221
1 3 222 219 221 223
1 3 212 215 219 222
1 3 213 212 222 224
1 3 224 222 223 225
1 3 225 223 226 227
1 3 223 221 228 226
1 3 226 228 229 230
1 3 227 226 230 231
1 3 231 230 232 233
1 3 233 232 234 235
1 3 232 236 237 234
1 3 230 229 236 232
1 3 229 238 239 236
1 3 236 239 240 237
1 3 239 241 242 240
1 3 238 243 241 239
1 3 244 245 243 238
1 3 228 244 238 229
1 3 221 220 244 228
1 3 220 171 245 244
1 3 171 169 246 245
1 3 245 246 247 243
1 3 246 248 249 247
1 3 169 167 248 246
1 3 167 163 250 248
1 3 163 87 86 250
1 3 250 86 82 251
1 3 248 250 251 249
1 3 249 251 252 253
1 3 251 82 81 252
1 3 252 81 69 254
1 3 253 252 254 255
1 3 256 253 255 257
1 3 247 249 253 256
1 3 243 247 256 241
1 3 241 256 257 242
1 3 242 257 258 259
1 3 259 258 260 261
1 3 258 262 263 260
1 3 257 255 262 258
1 3 255 254 264 262
1 3 254 69 68 264
1 3 264 68 64 265
1 3 262 264 265 263
1 3 263 265 266 267
1 3 265 64 62 266
1 3 266 62 63 268
1 3 267 266 268 269
1 3 270 267 269 271
1 3 260 263 267 270
1 3 261 260 270 272
1 3 272 270 271 273
1 3 274 272 273 275
1 3 276 274 275 277
1 3 278 279 274 276
1 3 279 261 272 274
1 3 280 259 261 279
1 3 240 242 259 280
1 3 237 240 280 281
1 3 281 280 279 278
1 3 282 281 278 283
1 3 234 237 281 282
1 3 235 234 282 284
1 3 284 282 283 285
1 3 285 283 286 287
1 3 283 278 276 286
1 3 286 276 277 288
1 3 287 286 288 2

boundary
64
4 1 204 0
4 1 205 204
4 1 207 205
4 1 209 207
4 1 211 209
4 1 213 211
4 1 224 213
4 1 225 224
4 1 227 225
4 1 231 227
4 1 233 231
4 1 235 233
4 1 284 235
4 1 285 284
4 1 287 285
4 1 2 287
8 1 33 3
8 1 3 35
8 1 35 37
8 1 32 33
8 1 31 32
8 1 30 31
8 1 37 52
8 1 52 53
8 1 53 55
8 1 55 59
8 1 59 61
8 1 61 63
8 1 29 30
8 1 28 29
8 1 27 28
8 1 26 27
8 1 25 26
8 1 24 25
8 1 23 24
8 1 22 23
8 1 21 22
8 1 20 21
8 1 19 20
8 1 18 1
8 1 1 19
8 1 17 18
8 1 16 17
8 1 15 16
8 1 14 15
8 1 13 14
8 1 12 13
8 1 11 12
8 1 10 11
8 1 9 10
8 1 8 9
8 1 7 8
8 1 6 7
8 1 5 6
8 1 4 5
8 1 0 4
8 1 63 268
8 1 268 269
8 1 269 271
8 1 271 273
8 1 273 275
8 1 275 277
8 1 277 288
8 1 288 2

vertices
289
2
0 0.25
0.25 0.25
0 0.5
0.25 0.5
0.015625 0.25
0.03125 0.25
0.046875 0.25
0.0625 0.25
0.078125 0.25
0.09375 0.25
0.109375 0.25
0.125 0.25
0.140625 0.25
0.15625 0.25
0.171875 0.25
0.1875 0.25
0.203125 0.25
0.21875 0.25
0.234375 0.25
0.25 0.265625
0.25 0.28125
0.25 0.296875
0.25 0.3125
0.25 0.328125
0.25 0.34375
0.25 0.359375
0.25 0.375
0.25 0.390625
0.25 0.40625
0.25 0.421875
0.25 0.4375
0.25 0.453125
0.25 0.46875
0.25 0.484375
0.234375 0.484375
0.234375 0.5
0.21875 0.484375
0.21875 0.5
0.21875 0.46875
0.234375 0.46875
0.234375 0.453125
0.234375 0.4375
0.21875 0.4375
0.21875 0.453125
0.203125 0.453125
0.203125 0.46875
0.203125 0.4375
0.1875 0.4375
0.1875 0.453125
0.1875 0.46875
0.203125 0.484375
0.1875 0.484375
0.203125 0.5
0.1875 0.5
0.171875 0.484375
0.171875 0.5
0.171875 0.46875
0.15625 0.46875
0.15625 0.484375
0.15625 0.5
0.140625 0.484375
0.140625 0.5
0.125 0.484375
0.125 0.5
0.125 0.46875
0.140625 0.46875
0.140625 0.453125
0.15625 0.453125
0.125 0.453125
0.125 0.4375
0.140625 0.4375
0.15625 0.4375
0.171875 0.4375
0.171875 0.453125
0.171875 0.421875
0.1875 0.421875
0.171875 0.40625
0.1875 0.40625
0.15625 0.40625
0.15625 0.421875
0.140625 0.421875
0.125 0.421875
0.125 0.40625
0.140625 0.40625
0.140625 0.390625
0.15625 0.390625
0.125 0.390625
0.125 0.375
0.140625 0.375
0.15625 0.375
0.171875 0.375
0.171875 0.390625
0.1875 0.390625
0.1875 0.375
0.203125 0.375
0.203125 0.390625
0.21875 0.375
0.21875 0.390625
0.21875 0.40625
0.203125 0.40625
0.203125 0.421875
0.21875 0.421875
0.234375 0.40625
0.234375 0.421875
0.234375 0.390625
0.234375 0.375
0.234375 0.359375
0.234375 0.34375
0.21875 0.34375
0.21875 0.359375
0.203125 0.359375
0.1875 0.359375
0.1875 0.34375
0.203125 0.34375
0.203125 0.328125
0.21875 0.328125
0.1875 0.328125
0.1875 0.3125
0.203125 0.3125
0.21875 0.3125
0.234375 0.3125
0.234375 0.328125
0.234375 0.296875
0.21875 0.296875
0.21875 0.28125
0.234375 0.28125
0.234375 0.265625
0.21875 0.265625
0.203125 0.265625
0.203125 0.28125
0.1875 0.265625
0.1875 0.28125
0.203125 0.296875
0.1875 0.296875
0.171875 0.296875
0.171875 0.3125
0.15625 0.296875
0.15625 0.3125
0.15625 0.28125
0.171875 0.28125
0.171875 0.265625
0.15625 0.265625
0.140625 0.265625
0.140625 0.28125
0.125 0.265625
0.125 0.28125
0.140625 0.296875
0.125 0.296875
0.140625 0.3125
0.125 0.3125
0.140625 0.328125
0.125 0.328125
0.140625 0.34375
0.125 0.34375
0.15625 0.328125
0.15625 0.34375
0.171875 0.328125
0.171875 0.34375
0.171875 0.359375
0.15625 0.359375
0.140625 0.359375
0.125 0.359375
0.109375 0.359375
0.109375 0.375
0.109375 0.34375
0.09375 0.34375
0.09375 0.359375
0.09375 0.375
0.078125 0.359375
0.078125 0.375
0.0625 0.359375
0.0625 0.375
0.0625 0.34375
0.078125 0.34375
0.078125 0.328125
0.09375 0.328125
0.0625 0.328125
0.0625 0.3125
0.078125 0.3125
0.09375 0.3125
0.109375 0.3125
0.109375 0.328125
0.109375 0.296875
0.09375 0.296875
0.09375 0.28125
0.109375 0.28125
0.109375 0.265625
0.09375 0.265625
0.078125 0.265625
0.078125 0.28125
0.0625 0.265625
0.0625 0.28125
0.078125 0.296875
0.0625 0.296875
0.046875 0.296875
0.046875 0.3125
0.03125 0.296875
0.03125 0.3125
0.03125 0.28125
0.046875 0.28125
0.046875 0.265625
0.03125 0.265625
0.015625 0.265625
0.015625 0.28125
0 0.265625
0 0.28125
0.015625 0.296875
0 0.296875
0.015625 0.3125
0 0.3125
0.015625 0.328125
0 0.328125
0.015625 0.34375
0 0.34375
0.03125 0.328125
0.03125 0.34375
0.046875 0.328125
0.046875 0.34375
0.046875 0.359375
0.03125 0.359375
0.046875 0.375
0.03125 0.375
0.015625 0.359375
0.015625 0.375
0 0.359375
0 0.375
0.015625 0.390625
0 0.390625
0.03125 0.390625
0.03125 0.40625
0.015625 0.40625
0 0.40625
0.015625 0.421875
0 0.421875
0.015625 0.4375
0 0.4375
0.03125 0.421875
0.03125 0.4375
0.046875 0.40625
0.046875 0.421875
0.046875 0.4375
0.0625 0.421875
0.0625 0.4375
0.0625 0.40625
0.046875 0.390625
0.0625 0.390625
0.078125 0.390625
0.078125 0.40625
0.09375 0.390625
0.09375 0.40625
0.109375 0.390625
0.109375 0.40625
0.109375 0.421875
0.09375 0.421875
0.109375 0.4375
0.09375 0.4375
0.078125 0.421875
0.078125 0.4375
0.078125 0.453125
0.0625 0.453125
0.078125 0.46875
0.0625 0.46875
0.09375 0.453125
0.09375 0.46875
0.109375 0.453125
0.109375 0.46875
0.109375 0.484375
0.09375 0.484375
0.109375 0.5
0.09375 0.5
0.078125 0.484375
0.078125 0.5
0.0625 0.484375
0.0625 0.5
0.046875 0.484375
0.046875 0.5
0.03125 0.484375
0.03125 0.5
0.03125 0.46875
0.046875 0.46875
0.046875 0.453125
0.03125 0.453125
0.015625 0.453125
0.015625 0.46875
0 0.453125
0 0.46875
0.015625 0.484375
0 0.484375
0.015625 0.5
