MFEM nonconforming mesh v1.0

# NCMesh supported geometry types:
# TRIANGLE    = 2
# SQUARE      = 3
# TETRAHEDRON = 4
# CUBE        = 5
# PRISM       = 6

dimension
2

# rank attr geom ref_type nodes/children
elements
80
-1 1 3 3 16 17 18 19
-1 1 3 3 20 21 22 23
-1 1 3 3 24 25 26 27
-1 1 3 3 28 29 30 31
-1 1 3 3 32 33 34 35
-1 1 3 3 36 37 38 39
-1 1 3 3 40 41 42 43
-1 1 3 3 44 45 46 47
-1 1 3 3 48 49 50 51
-1 1 3 3 52 53 54 55
-1 1 3 3 56 57 58 59
-1 1 3 3 60 61 62 63
-1 1 3 3 64 65 66 67
-1 1 3 3 68 69 70 71
-1 1 3 3 72 73 74 75
-1 1 3 3 76 77 78 79
0 1 3 0 0 25 65 28
0 1 3 0 25 1 26 65
0 1 3 0 65 26 6 27
0 1 3 0 28 65 27 5
0 1 3 0 1 29 78 26
0 1 3 0 29 2 30 78
0 1 3 0 78 30 7 31
0 1 3 0 26 78 31 6
0 1 3 0 6 31 89 34
0 1 3 0 31 7 32 89
0 1 3 0 89 32 12 33
0 1 3 0 34 89 33 11
0 1 3 0 5 27 100 36
0 1 3 0 27 6 34 100
0 1 3 0 100 34 11 35
0 1 3 0 36 100 35 10
0 1 3 0 10 35 109 39
0 1 3 0 35 11 37 109
0 1 3 0 109 37 16 38
0 1 3 0 39 109 38 15
0 1 3 0 15 38 120 42
0 1 3 0 38 16 40 120
0 1 3 0 120 40 21 41
0 1 3 0 42 120 41 20
0 1 3 0 16 43 131 40
0 1 3 0 43 17 44 131
0 1 3 0 131 44 22 45
0 1 3 0 40 131 45 21
0 1 3 0 11 33 142 37
0 1 3 0 33 12 46 142
0 1 3 0 142 46 17 43
0 1 3 0 37 142 43 16
0 1 3 0 12 47 149 46
0 1 3 0 47 13 48 149
0 1 3 0 149 48 18 49
0 1 3 0 46 149 49 17
0 1 3 0 17 49 160 44
0 1 3 0 49 18 50 160
0 1 3 0 160 50 23 51
0 1 3 0 44 160 51 22
0 1 3 0 18 52 169 50
0 1 3 0 52 19 53 169
0 1 3 0 169 53 24 54
0 1 3 0 50 169 54 23
0 1 3 0 13 55 180 48
0 1 3 0 55 14 56 180
0 1 3 0 180 56 19 52
0 1 3 0 48 180 52 18
0 1 3 0 8 57 189 59
0 1 3 0 57 9 58 189
0 1 3 0 189 58 14 55
0 1 3 0 59 189 55 13
0 1 3 0 7 60 200 32
0 1 3 0 60 8 59 200
0 1 3 0 200 59 13 47
0 1 3 0 32 200 47 12
0 1 3 0 2 61 207 30
0 1 3 0 61 3 62 207
0 1 3 0 207 62 8 60
0 1 3 0 30 207 60 7
0 1 3 0 3 63 216 62
0 1 3 0 63 4 64 216
0 1 3 0 216 64 9 57
0 1 3 0 62 216 57 8

# attr geom nodes
boundary
32
1 1 0 25
4 1 28 0
1 1 25 1
4 1 5 28
1 1 1 29
1 1 29 2
4 1 36 5
4 1 10 36
4 1 39 10
4 1 15 39
4 1 42 15
3 1 21 41
3 1 41 20
4 1 20 42
3 1 22 45
3 1 45 21
3 1 23 51
3 1 51 22
2 1 19 53
2 1 53 24
3 1 24 54
3 1 54 23
2 1 14 56
2 1 56 19
2 1 9 58
2 1 58 14
1 1 2 61
1 1 61 3
1 1 3 63
1 1 63 4
2 1 4 64
2 1 64 9

# vert_id p1 p2
vertex_parents
56
25 0 1
26 1 6
27 5 6
28 0 5
29 1 2
30 2 7
31 6 7
32 7 12
33 11 12
34 6 11
35 10 11
36 5 10
37 11 16
38 15 16
39 10 15
40 16 21
41 20 21
42 15 20
43 16 17
44 17 22
45 21 22
46 12 17
47 12 13
48 13 18
49 17 18
50 18 23
51 22 23
52 18 19
53 19 24
54 23 24
55 13 14
56 14 19
57 8 9
58 9 14
59 8 13
60 7 8
61 2 3
62 3 8
63 3 4
64 4 9
65 25 27
78 29 31
89 31 33
100 27 35
109 35 38
120 38 41
131 43 45
142 33 43
149 47 49
160 49 51
169 52 54
180 52 55
189 55 57
200 47 60
207 60 61
216 57 63

# root element orientation
root_state
16
1
0
0
5
0
1
1
4
0
1
1
4
5
4
4
0

# top-level node coordinates
coordinates
25
2
0 0
0.25 0
0.5 0
0.75 0
1 0
0 0.25
0.25 0.25
0.5 0.25
0.75 0.25
1 0.25
0 0.5
0.25 0.5
0.5 0.5
0.75 0.5
1 0.5
0 0.75
0.25 0.75
0.5 0.75
0.75 0.75
1 0.75
0 1
0.25 1
0.5 1
0.75 1
1 1

mfem_mesh_end
