MFEM mesh v1.0

#
# MFEM Geometry Types (see mesh/geom.hpp):
#
# POINT       = 0
# SEGMENT     = 1
# TRIANGLE    = 2
# SQUARE      = 3
# TETRAHEDRON = 4
# CUBE        = 5
# PRISM       = 6
#

dimension
2

elements
179
1 3 23 25 26 24
1 3 22 27 25 23
1 3 28 29 27 22
1 3 19 28 22 20
1 3 18 30 28 19
1 3 30 31 29 28
1 3 32 33 31 18
1 3 34 35 18 17
1 3 12 34 17 13
1 3 11 36 34 12
1 3 36 32 35 34
1 3 37 38 32 39
1 3 40 41 38 37
1 3 42 40 37 43
1 3 43 37 39 36
1 3 10 42 36 11
1 3 9 44 42 10
1 3 44 8 41 42
1 3 8 45 46 41
1 3 41 46 47 32
1 3 46 48 33 47
1 3 45 7 48 46
1 3 7 6 49 33
1 3 33 50 51 52
1 3 52 51 53 31
1 3 51 54 55 53
1 3 50 49 54 51
1 3 49 56 57 55
1 3 6 5 56 49
1 3 5 58 59 60
1 3 60 59 61 56
1 3 59 62 63 61
1 3 58 4 62 59
1 3 4 3 64 62
1 3 3 0 65 64
1 3 64 65 66 67
1 3 62 64 67 63
1 3 63 67 68 69
1 3 67 66 70 68
1 3 68 70 71 72
1 3 69 68 72 73
1 3 74 69 73 75
1 3 61 63 69 74
1 3 56 61 74 76
1 3 76 74 75 57
1 3 57 75 77 78
1 3 78 77 79 80
1 3 77 81 82 79
1 3 75 73 81 77
1 3 73 72 83 81
1 3 72 71 84 83
1 3 83 84 85 86
1 3 81 83 86 82
1 3 82 86 87 88
1 3 86 85 89 87
1 3 87 89 90 91
1 3 88 87 91 92
1 3 93 88 92 94
1 3 79 82 88 93
1 3 80 79 93 95
1 3 95 93 94 96
1 3 97 80 96 98
1 3 55 57 80 97
1 3 99 100 97 101
1 3 53 55 100 99
1 3 31 53 99 29
1 3 29 99 101 27
1 3 27 101 102 25
1 3 101 97 103 102
1 3 102 103 98 104
1 3 25 102 104 26
1 3 26 98 105 106
1 3 106 105 107 108
1 3 105 109 110 107
1 3 98 96 109 105
1 3 96 94 111 112
1 3 112 111 113 109
1 3 111 114 115 113
1 3 94 92 114 111
1 3 92 91 116 114
1 3 91 90 117 116
1 3 116 117 118 119
1 3 114 116 119 115
1 3 115 119 120 121
1 3 119 118 122 120
1 3 120 122 123 124
1 3 121 120 124 125
1 3 126 121 125 127
1 3 113 115 121 126
1 3 109 113 126 128
1 3 128 126 127 110
1 3 110 127 129 130
1 3 130 129 131 132
1 3 129 133 134 131
1 3 127 125 133 129
1 3 125 124 135 133
1 3 124 123 136 135
1 3 135 136 137 138
1 3 133 135 138 134
1 3 134 138 139 140
1 3 138 137 141 139
1 3 139 141 2 142
1 3 140 139 142 143
1 3 144 140 143 145
1 3 131 134 140 144
1 3 132 131 144 146
1 3 146 144 145 147
1 3 148 146 147 149
1 3 150 148 149 151
1 3 152 153 148 150
1 3 153 132 146 148
1 3 107 110 132 152
1 3 108 107 152 154
1 3 154 155 156 157
1 3 155 152 150 156
1 3 156 150 151 158
1 3 157 156 158 159
1 3 160 157 159 161
1 3 162 154 157 160
1 3 163 162 160 164
1 3 164 160 161 165
1 3 166 164 165 167
1 3 168 166 167 169
1 3 170 171 166 168
1 3 171 163 164 166
1 3 172 173 163 170
1 3 173 108 154 163
1 3 174 106 108 173
1 3 21 26 106 174
1 3 16 21 174 175
1 3 175 174 173 172
1 3 176 175 172 177
1 3 14 16 175 176
1 3 15 14 176 178
1 3 178 176 177 179
1 3 179 177 180 181
1 3 177 172 170 180
1 3 180 170 169 182
1 3 181 180 182 1
1 3 1 182 183 184
1 3 184 183 185 186
1 3 183 187 188 185
1 3 182 169 187 183
1 3 169 167 189 190
1 3 190 189 191 187
1 3 189 192 193 191
1 3 167 165 192 189
1 3 165 161 194 192
1 3 161 159 195 194
1 3 194 195 196 197
1 3 192 194 197 193
1 3 193 197 198 199
1 3 197 196 200 198
1 3 198 200 201 202
1 3 199 198 202 203
1 3 204 199 203 205
1 3 191 193 199 204
1 3 187 191 204 206
1 3 206 204 205 188
1 3 188 205 207 208
1 3 208 207 209 210
1 3 207 211 212 209
1 3 205 203 211 207
1 3 203 202 213 211
1 3 202 201 214 213
1 3 213 214 215 216
1 3 211 213 216 212
1 3 212 216 217 218
1 3 216 215 219 217
1 3 217 219 220 221
1 3 218 217 221 222
1 3 223 218 222 224
1 3 209 212 218 223
1 3 210 209 223 225
1 3 225 223 224 226
1 3 227 225 226 228
1 3 229 227 228 230
1 3 231 232 227 229
1 3 232 210 225 227

boundary
76
4 1 178 15
4 1 179 178
4 1 181 179
4 1 1 181
4 1 184 1
4 1 186 184
9 1 24 23
9 1 23 22
9 1 22 20
9 1 20 19
9 1 19 18
9 1 18 17
9 1 17 13
9 1 13 12
9 1 12 11
9 1 7 6
9 1 6 5
9 1 4 3
9 1 3 0
9 1 0 65
9 1 65 66
9 1 66 70
9 1 70 71
9 1 71 84
9 1 84 85
9 1 85 89
9 1 89 90
9 1 90 117
9 1 117 118
9 1 118 122
9 1 122 123
9 1 123 136
9 1 136 137
9 1 137 141
9 1 141 2
9 1 2 142
9 1 142 143
9 1 143 145
9 1 145 147
9 1 147 149
9 1 149 151
9 1 151 158
9 1 158 159
9 1 14 16
9 1 15 14
9 1 185 186
9 1 159 195
9 1 195 196
9 1 196 200
9 1 200 201
9 1 208 188
9 1 210 208
9 1 201 214
9 1 214 215
9 1 215 219
9 1 219 220
9 1 220 221
9 1 221 222
9 1 226 228
9 1 228 230
9 1 231 232
9 1 232 210
9 1 11 10
9 1 10 9
9 1 16 21
9 1 188 185
9 1 58 4
9 1 5 58
9 1 45 7
9 1 8 45
9 1 44 8
9 1 9 44
9 1 229 231
9 1 230 229
9 1 224 226
9 1 222 224

vertices
233
2
0.25 0.5
0 0.75
0.25 0.75
0.234375 0.5
0.21875 0.5
0.1875 0.5
0.15625 0.5
0.125 0.5
0.09375 0.5
0.0625 0.5
0.0625 0.515625
0.0625 0.53125
0.0625 0.546875
0.0625 0.5625
0.03125 0.625
0 0.625
0.0625 0.625
0.078125 0.5625
0.09375 0.5625
0.09375 0.578125
0.09375 0.59375
0.09375 0.625
0.109375 0.59375
0.109375 0.609375
0.109375 0.625
0.125 0.609375
0.125 0.625
0.125 0.59375
0.109375 0.578125
0.125 0.578125
0.109375 0.5625
0.125 0.5625
0.09375 0.53125
0.125 0.53125
0.078125 0.546875
0.09375 0.546875
0.078125 0.53125
0.0859375 0.5234375
0.09375 0.5234375
0.0859375 0.53125
0.0859375 0.515625
0.09375 0.515625
0.078125 0.515625
0.078125 0.5234375
0.078125 0.5
0.109375 0.5
0.109375 0.515625
0.109375 0.53125
0.125 0.515625
0.15625 0.53125
0.140625 0.53125
0.140625 0.546875
0.125 0.546875
0.140625 0.5625
0.15625 0.546875
0.15625 0.5625
0.1875 0.53125
0.1875 0.5625
0.203125 0.5
0.203125 0.515625
0.1875 0.515625
0.203125 0.53125
0.21875 0.515625
0.21875 0.53125
0.234375 0.515625
0.25 0.515625
0.25 0.53125
0.234375 0.53125
0.234375 0.546875
0.21875 0.546875
0.25 0.546875
0.25 0.5625
0.234375 0.5625
0.21875 0.5625
0.203125 0.546875
0.203125 0.5625
0.1875 0.546875
0.203125 0.578125
0.1875 0.578125
0.203125 0.59375
0.1875 0.59375
0.21875 0.578125
0.21875 0.59375
0.234375 0.578125
0.25 0.578125
0.25 0.59375
0.234375 0.59375
0.234375 0.609375
0.21875 0.609375
0.25 0.609375
0.25 0.625
0.234375 0.625
0.21875 0.625
0.203125 0.609375
0.203125 0.625
0.1875 0.609375
0.1875 0.625
0.15625 0.59375
0.15625 0.625
0.140625 0.578125
0.15625 0.578125
0.140625 0.59375
0.140625 0.609375
0.15625 0.609375
0.140625 0.625
0.15625 0.65625
0.125 0.65625
0.15625 0.6875
0.125 0.6875
0.1875 0.65625
0.1875 0.6875
0.203125 0.640625
0.1875 0.640625
0.203125 0.65625
0.21875 0.640625
0.21875 0.65625
0.234375 0.640625
0.25 0.640625
0.25 0.65625
0.234375 0.65625
0.234375 0.671875
0.21875 0.671875
0.25 0.671875
0.25 0.6875
0.234375 0.6875
0.21875 0.6875
0.203125 0.671875
0.203125 0.6875
0.1875 0.671875
0.203125 0.703125
0.1875 0.703125
0.203125 0.71875
0.1875 0.71875
0.21875 0.703125
0.21875 0.71875
0.234375 0.703125
0.25 0.703125
0.25 0.71875
0.234375 0.71875
0.234375 0.734375
0.21875 0.734375
0.25 0.734375
0.234375 0.75
0.21875 0.75
0.203125 0.734375
0.203125 0.75
0.1875 0.734375
0.1875 0.75
0.171875 0.734375
0.171875 0.75
0.15625 0.734375
0.15625 0.75
0.15625 0.71875
0.171875 0.71875
0.125 0.71875
0.140625 0.71875
0.140625 0.734375
0.125 0.734375
0.140625 0.75
0.125 0.75
0.109375 0.734375
0.109375 0.75
0.109375 0.71875
0.09375 0.71875
0.09375 0.734375
0.09375 0.75
0.078125 0.734375
0.078125 0.75
0.0625 0.734375
0.0625 0.75
0.0625 0.71875
0.078125 0.71875
0.0625 0.6875
0.09375 0.6875
0.09375 0.65625
0.0625 0.65625
0.03125 0.65625
0.03125 0.6875
0 0.65625
0 0.6875
0.03125 0.71875
0 0.71875
0.03125 0.75
0.03125 0.78125
0 0.78125
0.03125 0.8125
0 0.8125
0.0625 0.78125
0.0625 0.8125
0.078125 0.765625
0.0625 0.765625
0.078125 0.78125
0.09375 0.765625
0.09375 0.78125
0.109375 0.765625
0.125 0.765625
0.125 0.78125
0.109375 0.78125
0.109375 0.796875
0.09375 0.796875
0.125 0.796875
0.125 0.8125
0.109375 0.8125
0.09375 0.8125
0.078125 0.796875
0.078125 0.8125
0.0625 0.796875
0.078125 0.828125
0.0625 0.828125
0.078125 0.84375
0.0625 0.84375
0.09375 0.828125
0.09375 0.84375
0.109375 0.828125
0.125 0.828125
0.125 0.84375
0.109375 0.84375
0.109375 0.859375
0.09375 0.859375
0.125 0.859375
0.125 0.875
0.109375 0.875
0.09375 0.875
0.078125 0.859375
0.078125 0.875
0.0625 0.859375
0.0625 0.875
0.046875 0.859375
0.046875 0.875
0.03125 0.859375
0.03125 0.875
0.03125 0.84375
0.046875 0.84375
