MFEM mesh v1.0

#
# MFEM Geometry Types (see mesh/geom.hpp):
#
# POINT       = 0
# SEGMENT     = 1
# TRIANGLE    = 2
# SQUARE      = 3
# TETRAHEDRON = 4
# CUBE        = 5
# PRISM       = 6
#

dimension
2

elements
189
1 3 18 24 25 26
1 3 26 25 27 22
1 3 25 28 23 27
1 3 24 17 28 25
1 3 17 29 30 23
1 3 29 31 32 30
1 3 30 32 33 34
1 3 23 30 34 21
1 3 21 34 35 19
1 3 19 35 36 20
1 3 35 37 38 36
1 3 34 33 37 35
1 3 33 39 40 38
1 3 41 42 39 43
1 3 32 41 43 33
1 3 31 44 41 32
1 3 44 45 42 41
1 3 46 47 45 44
1 3 48 49 47 46
1 3 50 48 46 51
1 3 51 46 44 31
1 3 52 51 31 29
1 3 16 52 29 17
1 3 15 53 52 16
1 3 53 50 51 52
1 3 54 55 50 53
1 3 14 54 53 15
1 3 13 12 54 14
1 3 12 11 55 54
1 3 11 10 56 55
1 3 55 56 48 50
1 3 56 57 49 48
1 3 10 9 57 56
1 3 9 8 58 57
1 3 8 7 59 58
1 3 58 59 60 61
1 3 57 58 61 49
1 3 49 61 62 47
1 3 47 62 63 45
1 3 62 64 65 63
1 3 61 60 64 62
1 3 60 66 67 64
1 3 64 67 68 65
1 3 67 69 70 68
1 3 66 71 69 67
1 3 72 73 71 66
1 3 59 72 66 60
1 3 7 6 72 59
1 3 6 5 73 72
1 3 5 4 74 73
1 3 73 74 75 71
1 3 74 76 77 75
1 3 4 3 76 74
1 3 3 2 78 76
1 3 2 0 79 78
1 3 78 79 80 81
1 3 76 78 81 77
1 3 77 81 82 83
1 3 81 80 84 82
1 3 82 84 85 86
1 3 83 82 86 87
1 3 88 83 87 89
1 3 75 77 83 88
1 3 71 75 88 69
1 3 69 88 89 70
1 3 70 87 90 91
1 3 87 86 92 93
1 3 86 85 94 92
1 3 92 94 95 96
1 3 93 92 96 90
1 3 90 96 97 98
1 3 96 95 99 97
1 3 97 99 100 101
1 3 98 97 101 102
1 3 103 98 102 104
1 3 105 90 98 103
1 3 91 105 103 106
1 3 106 103 104 107
1 3 108 106 107 109
1 3 110 108 109 111
1 3 112 113 108 110
1 3 113 91 106 108
1 3 114 115 91 113
1 3 68 70 115 114
1 3 65 68 114 116
1 3 116 114 113 112
1 3 117 116 112 118
1 3 63 65 116 117
1 3 45 63 117 42
1 3 42 117 118 39
1 3 39 118 119 120
1 3 118 112 110 119
1 3 119 110 111 121
1 3 120 119 121 40
1 3 40 121 122 123
1 3 121 111 124 122
1 3 122 124 125 126
1 3 123 122 126 127
1 3 127 126 128 129
1 3 129 128 130 131
1 3 128 132 133 130
1 3 126 125 132 128
1 3 125 134 135 132
1 3 132 135 136 133
1 3 135 137 138 136
1 3 134 139 137 135
1 3 140 141 139 134
1 3 124 140 134 125
1 3 111 109 140 124
1 3 109 107 141 140
1 3 107 104 142 141
1 3 141 142 143 139
1 3 142 144 145 143
1 3 104 102 144 142
1 3 102 101 146 144
1 3 101 100 147 146
1 3 146 147 148 149
1 3 144 146 149 145
1 3 145 149 150 151
1 3 149 148 152 150
1 3 150 152 153 154
1 3 151 150 154 155
1 3 156 151 155 157
1 3 143 145 151 156
1 3 139 143 156 137
1 3 137 156 157 138
1 3 138 157 158 159
1 3 159 158 160 161
1 3 158 162 163 160
1 3 157 155 162 158
1 3 155 154 164 162
1 3 154 153 165 164
1 3 164 165 166 167
1 3 162 164 167 163
1 3 163 167 168 169
1 3 167 166 170 168
1 3 168 170 1 171
1 3 169 168 171 172
1 3 173 169 172 174
1 3 160 163 169 173
1 3 161 160 173 175
1 3 175 173 174 176
1 3 177 175 176 178
1 3 179 177 178 180
1 3 181 182 177 179
1 3 182 161 175 177
1 3 183 159 161 182
1 3 136 138 159 183
1 3 133 136 183 184
1 3 184 183 182 181
1 3 185 184 181 186
1 3 130 133 184 185
1 3 131 130 185 187
1 3 187 185 186 188
1 3 188 186 189 190
1 3 186 181 179 189
1 3 189 179 180 191
1 3 190 189 191 192
1 3 193 190 192 194
1 3 195 188 190 193
1 3 196 195 193 197
1 3 197 193 194 198
1 3 199 197 198 200
1 3 201 199 200 202
1 3 203 204 199 201
1 3 204 196 197 199
1 3 205 206 196 204
1 3 207 205 204 203
1 3 208 209 205 210
1 3 211 208 210 207
1 3 212 213 208 211
1 3 213 214 209 208
1 3 214 215 216 209
1 3 209 216 217 205
1 3 216 218 206 217
1 3 215 219 218 216
1 3 219 220 221 206
1 3 206 221 195 196
1 3 221 187 188 195
1 3 220 131 187 221
1 3 222 129 131 220
1 3 223 222 220 219
1 3 224 225 222 223
1 3 225 127 129 222
1 3 226 123 127 225
1 3 227 40 123 226
1 3 38 227 226 228
1 3 228 226 225 224
1 3 229 228 224 230

boundary
70
7 1 21 23
7 1 19 21
7 1 36 20
7 1 20 19
7 1 38 36
7 1 17 16
7 1 16 15
7 1 15 14
7 1 13 12
7 1 14 13
7 1 12 11
7 1 11 10
7 1 10 9
7 1 9 8
7 1 8 7
7 1 7 6
7 1 6 5
7 1 5 4
7 1 4 3
7 1 3 2
7 1 2 0
7 1 0 79
7 1 79 80
7 1 80 84
7 1 84 85
7 1 85 94
7 1 94 95
7 1 95 99
7 1 99 100
7 1 100 147
7 1 147 148
7 1 148 152
7 1 152 153
7 1 153 165
7 1 165 166
7 1 166 170
7 1 170 1
7 1 1 171
7 1 171 172
7 1 172 174
7 1 174 176
7 1 176 178
7 1 178 180
7 1 180 191
7 1 191 192
7 1 192 194
7 1 194 198
7 1 198 200
7 1 200 202
7 1 202 201
7 1 201 203
7 1 203 207
7 1 212 213
7 1 213 214
7 1 214 215
7 1 215 219
7 1 228 38
7 1 229 228
7 1 230 229
7 1 219 223
7 1 223 224
7 1 224 230
7 1 24 17
7 1 18 24
7 1 27 22
7 1 23 27
7 1 26 18
7 1 22 26
7 1 211 212
7 1 207 211

vertices
231
2
0.5 0.25
0.5 0.5
0.484375 0.25
0.46875 0.25
0.453125 0.25
0.4375 0.25
0.421875 0.25
0.40625 0.25
0.390625 0.25
0.375 0.25
0.359375 0.25
0.34375 0.25
0.328125 0.25
0.3125 0.25
0.3125 0.265625
0.3125 0.28125
0.3125 0.296875
0.3125 0.3125
0.296875 0.3125
0.3125 0.359375
0.3125 0.375
0.3125 0.34375
0.296875 0.328125
0.3125 0.328125
0.3046875 0.3125
0.3046875 0.3203125
0.296875 0.3203125
0.3046875 0.328125
0.3125 0.3203125
0.328125 0.3125
0.328125 0.328125
0.34375 0.3125
0.34375 0.328125
0.34375 0.34375
0.328125 0.34375
0.328125 0.359375
0.328125 0.375
0.34375 0.359375
0.34375 0.375
0.375 0.34375
0.375 0.375
0.359375 0.328125
0.375 0.328125
0.359375 0.34375
0.359375 0.3125
0.375 0.3125
0.359375 0.296875
0.375 0.296875
0.359375 0.28125
0.375 0.28125
0.34375 0.28125
0.34375 0.296875
0.328125 0.296875
0.328125 0.28125
0.328125 0.265625
0.34375 0.265625
0.359375 0.265625
0.375 0.265625
0.390625 0.265625
0.40625 0.265625
0.40625 0.28125
0.390625 0.28125
0.390625 0.296875
0.390625 0.3125
0.40625 0.296875
0.40625 0.3125
0.421875 0.28125
0.421875 0.296875
0.421875 0.3125
0.4375 0.296875
0.4375 0.3125
0.4375 0.28125
0.421875 0.265625
0.4375 0.265625
0.453125 0.265625
0.453125 0.28125
0.46875 0.265625
0.46875 0.28125
0.484375 0.265625
0.5 0.265625
0.5 0.28125
0.484375 0.28125
0.484375 0.296875
0.46875 0.296875
0.5 0.296875
0.5 0.3125
0.484375 0.3125
0.46875 0.3125
0.453125 0.296875
0.453125 0.3125
0.46875 0.34375
0.4375 0.34375
0.484375 0.328125
0.46875 0.328125
0.5 0.328125
0.5 0.34375
0.484375 0.34375
0.484375 0.359375
0.46875 0.359375
0.5 0.359375
0.5 0.375
0.484375 0.375
0.46875 0.375
0.453125 0.359375
0.453125 0.375
0.453125 0.34375
0.4375 0.359375
0.4375 0.375
0.421875 0.359375
0.421875 0.375
0.40625 0.359375
0.40625 0.375
0.40625 0.34375
0.421875 0.34375
0.421875 0.328125
0.4375 0.328125
0.40625 0.328125
0.390625 0.328125
0.390625 0.34375
0.390625 0.359375
0.375 0.359375
0.390625 0.375
0.390625 0.390625
0.375 0.390625
0.40625 0.390625
0.40625 0.40625
0.390625 0.40625
0.375 0.40625
0.390625 0.421875
0.375 0.421875
0.390625 0.4375
0.375 0.4375
0.40625 0.421875
0.40625 0.4375
0.421875 0.40625
0.421875 0.421875
0.421875 0.4375
0.4375 0.421875
0.4375 0.4375
0.4375 0.40625
0.421875 0.390625
0.4375 0.390625
0.453125 0.390625
0.453125 0.40625
0.46875 0.390625
0.46875 0.40625
0.484375 0.390625
0.5 0.390625
0.5 0.40625
0.484375 0.40625
0.484375 0.421875
0.46875 0.421875
0.5 0.421875
0.5 0.4375
0.484375 0.4375
0.46875 0.4375
0.453125 0.421875
0.453125 0.4375
0.453125 0.453125
0.4375 0.453125
0.453125 0.46875
0.4375 0.46875
0.46875 0.453125
0.46875 0.46875
0.484375 0.453125
0.5 0.453125
0.5 0.46875
0.484375 0.46875
0.484375 0.484375
0.46875 0.484375
0.5 0.484375
0.484375 0.5
0.46875 0.5
0.453125 0.484375
0.453125 0.5
0.4375 0.484375
0.4375 0.5
0.421875 0.484375
0.421875 0.5
0.40625 0.484375
0.40625 0.5
0.40625 0.46875
0.421875 0.46875
0.421875 0.453125
0.40625 0.453125
0.390625 0.453125
0.390625 0.46875
0.375 0.453125
0.375 0.46875
0.390625 0.484375
0.375 0.484375
0.390625 0.5
0.375 0.5
0.359375 0.484375
0.359375 0.5
0.359375 0.46875
0.34375 0.46875
0.34375 0.484375
0.34375 0.5
0.328125 0.484375
0.328125 0.5
0.3125 0.484375
0.3125 0.5
0.3125 0.46875
0.328125 0.46875
0.328125 0.453125
0.34375 0.453125
0.3125 0.453125
0.3203125 0.4453125
0.328125 0.4453125
0.3203125 0.453125
0.3125 0.4453125
0.3125 0.4375
0.3203125 0.4375
0.328125 0.4375
0.3359375 0.4375
0.3359375 0.4453125
0.3359375 0.453125
0.34375 0.4453125
0.34375 0.4375
0.359375 0.4375
0.359375 0.453125
0.359375 0.421875
0.34375 0.421875
0.34375 0.40625
0.359375 0.40625
0.359375 0.390625
0.359375 0.375
0.34375 0.390625
0.328125 0.390625
0.328125 0.40625
