MFEM mesh v1.0

#
# MFEM Geometry Types (see mesh/geom.hpp):
#
# POINT       = 0
# SEGMENT     = 1
# TRIANGLE    = 2
# SQUARE      = 3
# TETRAHEDRON = 4
# CUBE        = 5
# PRISM       = 6
#

dimension
2

elements
185
1 3 35 33 34 36
1 3 36 34 37 38
1 3 34 31 39 37
1 3 37 39 32 40
1 3 38 37 40 41
1 3 42 36 41 43
1 3 44 42 43 45
1 3 46 47 42 44
1 3 47 27 36 42
1 3 48 26 27 47
1 3 24 25 26 48
1 3 23 24 48 49
1 3 49 48 47 46
1 3 50 49 46 51
1 3 22 23 49 50
1 3 21 22 50 20
1 3 20 50 51 19
1 3 19 51 52 17
1 3 51 46 44 52
1 3 52 44 45 53
1 3 17 52 53 18
1 3 18 53 54 55
1 3 53 45 56 54
1 3 54 56 57 58
1 3 55 54 58 59
1 3 59 58 60 61
1 3 61 60 62 63
1 3 60 64 65 62
1 3 58 57 64 60
1 3 57 66 67 65
1 3 68 69 66 70
1 3 56 68 70 57
1 3 45 43 68 56
1 3 43 41 69 68
1 3 41 40 71 72
1 3 40 32 73 71
1 3 71 73 74 75
1 3 72 71 75 69
1 3 69 74 76 66
1 3 74 77 78 76
1 3 79 80 77 81
1 3 73 79 81 74
1 3 32 82 79 73
1 3 82 30 80 79
1 3 30 29 83 77
1 3 29 28 84 83
1 3 83 84 85 86
1 3 77 83 86 78
1 3 78 86 87 88
1 3 86 85 89 87
1 3 87 89 90 91
1 3 88 87 91 92
1 3 93 88 92 94
1 3 76 78 88 93
1 3 66 76 93 95
1 3 95 93 94 67
1 3 67 94 96 97
1 3 97 96 98 99
1 3 96 100 101 98
1 3 94 92 100 96
1 3 92 91 102 100
1 3 91 90 103 102
1 3 102 103 104 105
1 3 100 102 105 101
1 3 101 105 106 107
1 3 105 104 108 106
1 3 106 108 1 109
1 3 107 106 109 110
1 3 111 107 110 112
1 3 98 101 107 111
1 3 99 98 111 113
1 3 113 111 112 114
1 3 115 113 114 116
1 3 117 115 116 118
1 3 119 120 115 117
1 3 120 99 113 115
1 3 121 97 99 120
1 3 122 67 97 121
1 3 65 122 121 123
1 3 123 121 120 119
1 3 124 123 119 125
1 3 62 65 123 124
1 3 63 62 124 126
1 3 126 124 125 127
1 3 127 125 128 129
1 3 125 119 117 128
1 3 128 117 118 130
1 3 129 128 130 131
1 3 132 129 131 133
1 3 134 127 129 132
1 3 135 134 132 136
1 3 136 132 133 137
1 3 138 136 137 139
1 3 140 138 139 141
1 3 142 143 138 140
1 3 143 135 136 138
1 3 144 145 135 142
1 3 145 146 147 148
1 3 148 147 134 135
1 3 147 126 127 134
1 3 146 63 126 147
1 3 149 61 63 146
1 3 150 149 146 145
1 3 151 152 149 150
1 3 152 59 61 149
1 3 153 55 59 152
1 3 154 155 55 156
1 3 157 18 155 154
1 3 16 157 154 158
1 3 158 154 156 153
1 3 15 16 153 159
1 3 159 153 152 151
1 3 160 159 151 161
1 3 14 15 159 160
1 3 13 14 160 162
1 3 162 160 161 163
1 3 163 161 164 165
1 3 161 151 150 164
1 3 164 150 145 166
1 3 165 164 166 144
1 3 167 165 144 168
1 3 169 167 168 170
1 3 171 172 167 169
1 3 172 163 165 167
1 3 173 162 163 172
1 3 12 13 162 173
1 3 11 12 173 174
1 3 174 173 172 171
1 3 175 174 171 176
1 3 10 11 174 175
1 3 9 10 175 8
1 3 8 175 176 7
1 3 7 176 177 6
1 3 176 171 169 177
1 3 177 169 170 178
1 3 6 177 178 5
1 3 5 178 179 4
1 3 4 179 180 3
1 3 179 181 182 180
1 3 178 170 181 179
1 3 170 168 183 181
1 3 168 144 184 183
1 3 183 184 142 185
1 3 181 183 185 182
1 3 182 185 186 187
1 3 185 142 140 186
1 3 186 140 141 188
1 3 187 186 188 189
1 3 190 187 189 191
1 3 180 182 187 190
1 3 3 180 190 2
1 3 2 190 191 0
1 3 0 191 192 193
1 3 193 192 194 195
1 3 192 196 197 194
1 3 191 189 196 192
1 3 189 188 198 196
1 3 188 141 199 198
1 3 198 199 200 201
1 3 196 198 201 197
1 3 197 201 202 203
1 3 201 200 204 202
1 3 202 204 205 206
1 3 203 202 206 207
1 3 208 203 207 209
1 3 194 197 203 208
1 3 195 194 208 210
1 3 210 208 209 211
1 3 211 209 212 213
1 3 209 207 214 212
1 3 212 214 215 216
1 3 213 212 216 217
1 3 217 216 218 219
1 3 219 218 220 221
1 3 218 222 223 220
1 3 216 215 222 218
1 3 215 224 225 222
1 3 222 225 226 223
1 3 225 227 228 226
1 3 224 229 227 225
1 3 230 231 229 224
1 3 214 230 224 215
1 3 207 206 230 214
1 3 206 205 231 230
1 3 205 232 233 231

boundary
78
6 1 35 33
6 1 33 34
6 1 34 31
6 1 26 27
6 1 25 26
6 1 23 24
6 1 21 22
6 1 20 21
6 1 19 20
6 1 17 19
6 1 18 17
6 1 30 29
6 1 29 28
6 1 28 84
6 1 84 85
6 1 90 103
6 1 103 104
6 1 104 108
6 1 108 1
6 1 1 109
6 1 109 110
6 1 110 112
6 1 112 114
6 1 114 116
6 1 116 118
6 1 118 130
6 1 130 131
6 1 131 133
6 1 133 137
6 1 137 139
6 1 139 141
6 1 15 16
6 1 14 15
6 1 13 14
6 1 12 13
6 1 11 12
6 1 10 11
6 1 9 10
6 1 8 9
6 1 7 8
6 1 6 7
6 1 5 6
6 1 4 5
6 1 3 4
6 1 2 3
6 1 0 2
6 1 193 0
6 1 195 193
6 1 141 199
6 1 199 200
6 1 200 204
6 1 204 205
6 1 210 195
6 1 211 210
6 1 213 211
6 1 217 213
6 1 219 217
6 1 220 221
6 1 221 219
6 1 223 220
6 1 226 223
6 1 227 228
6 1 228 226
6 1 229 227
6 1 231 229
6 1 205 232
6 1 232 233
6 1 233 231
6 1 24 25
6 1 22 23
6 1 157 18
6 1 16 157
6 1 82 30
6 1 32 82
6 1 39 32
6 1 31 39
6 1 89 90
6 1 85 89

vertices
234
2
0.25 0.25
0.5 0.25
0.25 0.234375
0.25 0.21875
0.25 0.203125
0.25 0.1875
0.25 0.171875
0.25 0.15625
0.25 0.140625
0.25 0.125
0.265625 0.125
0.28125 0.125
0.296875 0.125
0.3125 0.125
0.328125 0.125
0.34375 0.125
0.359375 0.125
0.375 0.109375
0.375 0.125
0.375 0.09375
0.375 0.078125
0.375 0.0625
0.390625 0.0625
0.40625 0.0625
0.421875 0.0625
0.4375 0.0625
0.4375 0.078125
0.4375 0.09375
0.5 0.125
0.484375 0.125
0.46875 0.125
0.453125 0.109375
0.453125 0.125
0.4453125 0.1015625
0.4453125 0.109375
0.4375 0.1015625
0.4375 0.109375
0.4453125 0.1171875
0.4375 0.1171875
0.453125 0.1171875
0.4453125 0.125
0.4375 0.125
0.421875 0.109375
0.421875 0.125
0.40625 0.109375
0.40625 0.125
0.40625 0.09375
0.421875 0.09375
0.421875 0.078125
0.40625 0.078125
0.390625 0.078125
0.390625 0.09375
0.390625 0.109375
0.390625 0.125
0.390625 0.140625
0.375 0.140625
0.40625 0.140625
0.40625 0.15625
0.390625 0.15625
0.375 0.15625
0.390625 0.171875
0.375 0.171875
0.390625 0.1875
0.375 0.1875
0.40625 0.171875
0.40625 0.1875
0.4375 0.15625
0.4375 0.1875
0.421875 0.140625
0.4375 0.140625
0.421875 0.15625
0.4453125 0.1328125
0.4375 0.1328125
0.453125 0.1328125
0.453125 0.140625
0.4453125 0.140625
0.453125 0.15625
0.46875 0.140625
0.46875 0.15625
0.4609375 0.1328125
0.46875 0.1328125
0.4609375 0.140625
0.4609375 0.125
0.484375 0.140625
0.5 0.140625
0.5 0.15625
0.484375 0.15625
0.484375 0.171875
0.46875 0.171875
0.5 0.171875
0.5 0.1875
0.484375 0.1875
0.46875 0.1875
0.453125 0.171875
0.453125 0.1875
0.4375 0.171875
0.453125 0.203125
0.4375 0.203125
0.453125 0.21875
0.4375 0.21875
0.46875 0.203125
0.46875 0.21875
0.484375 0.203125
0.5 0.203125
0.5 0.21875
0.484375 0.21875
0.484375 0.234375
0.46875 0.234375
0.5 0.234375
0.484375 0.25
0.46875 0.25
0.453125 0.234375
0.453125 0.25
0.4375 0.234375
0.4375 0.25
0.421875 0.234375
0.421875 0.25
0.40625 0.234375
0.40625 0.25
0.40625 0.21875
0.421875 0.21875
0.421875 0.203125
0.421875 0.1875
0.40625 0.203125
0.390625 0.203125
0.390625 0.21875
0.375 0.203125
0.375 0.21875
0.390625 0.234375
0.375 0.234375
0.390625 0.25
0.375 0.25
0.359375 0.234375
0.359375 0.25
0.359375 0.21875
0.34375 0.21875
0.34375 0.234375
0.34375 0.25
0.328125 0.234375
0.328125 0.25
0.3125 0.234375
0.3125 0.25
0.3125 0.21875
0.328125 0.21875
0.3125 0.1875
0.34375 0.1875
0.359375 0.1875
0.359375 0.203125
0.34375 0.203125
0.359375 0.171875
0.34375 0.171875
0.34375 0.15625
0.359375 0.15625
0.359375 0.140625
0.3671875 0.1328125
0.375 0.1328125
0.3671875 0.140625
0.3671875 0.125
0.359375 0.1328125
0.34375 0.140625
0.328125 0.140625
0.328125 0.15625
0.3125 0.140625
0.3125 0.15625
0.328125 0.171875
0.3125 0.171875
0.328125 0.1875
0.296875 0.171875
0.296875 0.1875
0.28125 0.171875
0.28125 0.1875
0.28125 0.15625
0.296875 0.15625
0.296875 0.140625
0.28125 0.140625
0.265625 0.140625
0.265625 0.15625
0.265625 0.171875
0.265625 0.1875
0.265625 0.203125
0.265625 0.21875
0.28125 0.203125
0.28125 0.21875
0.296875 0.203125
0.3125 0.203125
0.296875 0.21875
0.296875 0.234375
0.28125 0.234375
0.296875 0.25
0.28125 0.25
0.265625 0.234375
0.265625 0.25
0.265625 0.265625
0.25 0.265625
0.265625 0.28125
0.25 0.28125
0.28125 0.265625
0.28125 0.28125
0.296875 0.265625
0.3125 0.265625
0.3125 0.28125
0.296875 0.28125
0.296875 0.296875
0.28125 0.296875
0.3125 0.296875
0.3125 0.3125
0.296875 0.3125
0.28125 0.3125
0.265625 0.296875
0.265625 0.3125
0.25 0.296875
0.25 0.3125
0.265625 0.328125
0.25 0.328125
0.28125 0.328125
0.28125 0.34375
0.265625 0.34375
0.25 0.34375
0.265625 0.359375
0.25 0.359375
0.265625 0.375
0.25 0.375
0.28125 0.359375
0.28125 0.375
0.296875 0.34375
0.296875 0.359375
0.296875 0.375
0.3125 0.359375
0.3125 0.375
0.3125 0.34375
0.296875 0.328125
0.3125 0.328125
0.328125 0.3125
0.328125 0.328125
