MFEM mesh v1.0

#
# MFEM Geometry Types (see mesh/geom.hpp):
#
# POINT       = 0
# SEGMENT     = 1
# TRIANGLE    = 2
# SQUARE      = 3
# TETRAHEDRON = 4
# CUBE        = 5
# PRISM       = 6
#

dimension
2

elements
185
1 3 14 19 16 15
1 3 13 21 19 14
1 3 21 22 20 19
1 3 23 24 22 21
1 3 25 26 24 23
1 3 27 25 23 28
1 3 28 23 21 13
1 3 29 28 13 12
1 3 10 29 12 11
1 3 9 30 29 10
1 3 30 27 28 29
1 3 31 32 27 30
1 3 8 31 30 9
1 3 6 5 31 8
1 3 5 4 32 31
1 3 4 3 33 32
1 3 32 33 25 27
1 3 33 34 26 25
1 3 3 0 34 33
1 3 0 35 36 34
1 3 34 36 37 26
1 3 36 38 39 37
1 3 35 40 38 36
1 3 40 41 42 38
1 3 41 43 44 42
1 3 42 44 45 46
1 3 38 42 46 39
1 3 39 46 47 48
1 3 46 45 49 47
1 3 47 49 50 51
1 3 48 47 51 52
1 3 53 48 52 54
1 3 37 39 48 53
1 3 26 37 53 24
1 3 24 53 54 22
1 3 22 54 55 20
1 3 54 52 56 55
1 3 55 56 57 58
1 3 20 55 58 18
1 3 18 58 59 17
1 3 17 59 60 7
1 3 59 61 62 60
1 3 58 57 61 59
1 3 57 63 64 61
1 3 61 64 65 62
1 3 64 66 67 65
1 3 63 68 66 64
1 3 69 70 68 63
1 3 56 69 63 57
1 3 52 51 69 56
1 3 51 50 70 69
1 3 50 71 72 68
1 3 68 73 74 66
1 3 66 74 75 67
1 3 74 76 77 75
1 3 73 72 76 74
1 3 72 78 79 76
1 3 76 79 80 77
1 3 79 81 82 80
1 3 78 83 81 79
1 3 84 85 83 78
1 3 86 84 78 72
1 3 71 87 84 86
1 3 87 88 85 84
1 3 89 90 88 87
1 3 91 92 90 89
1 3 93 91 89 94
1 3 94 89 87 71
1 3 95 94 71 96
1 3 49 95 96 50
1 3 45 97 95 49
1 3 97 93 94 95
1 3 98 99 93 97
1 3 44 98 97 45
1 3 43 100 98 44
1 3 100 101 99 98
1 3 101 102 103 99
1 3 99 103 91 93
1 3 103 104 92 91
1 3 102 105 104 103
1 3 105 106 107 104
1 3 106 108 109 107
1 3 107 109 110 111
1 3 104 107 111 92
1 3 92 111 112 90
1 3 90 112 113 88
1 3 112 114 115 113
1 3 111 110 114 112
1 3 110 116 117 114
1 3 114 117 118 115
1 3 117 119 120 118
1 3 116 121 119 117
1 3 122 123 121 116
1 3 109 122 116 110
1 3 108 124 122 109
1 3 124 125 123 122
1 3 125 126 127 123
1 3 123 127 128 121
1 3 127 129 130 128
1 3 126 131 129 127
1 3 131 132 133 129
1 3 132 1 134 133
1 3 133 134 135 136
1 3 129 133 136 130
1 3 130 136 137 138
1 3 136 135 139 137
1 3 137 139 140 141
1 3 138 137 141 142
1 3 143 138 142 144
1 3 128 130 138 143
1 3 121 128 143 119
1 3 119 143 144 120
1 3 120 144 145 146
1 3 146 145 147 148
1 3 145 149 150 147
1 3 144 142 149 145
1 3 142 141 151 149
1 3 141 140 152 151
1 3 151 152 153 154
1 3 149 151 154 150
1 3 150 154 155 156
1 3 154 153 157 155
1 3 155 157 158 159
1 3 156 155 159 160
1 3 161 156 160 162
1 3 147 150 156 161
1 3 148 147 161 163
1 3 163 161 162 164
1 3 165 148 164 166
1 3 167 146 148 168
1 3 118 120 146 167
1 3 115 118 167 169
1 3 169 167 168 165
1 3 170 169 165 171
1 3 113 115 169 170
1 3 88 113 170 85
1 3 85 170 171 83
1 3 83 171 172 81
1 3 171 165 173 172
1 3 172 173 166 174
1 3 81 172 174 82
1 3 82 174 175 176
1 3 174 166 177 175
1 3 175 177 178 179
1 3 176 175 179 180
1 3 180 179 181 182
1 3 182 181 183 184
1 3 181 185 186 183
1 3 179 178 185 181
1 3 178 187 188 185
1 3 185 188 189 186
1 3 188 190 191 189
1 3 187 192 190 188
1 3 166 164 192 178
1 3 164 162 193 194
1 3 194 193 195 192
1 3 193 196 197 195
1 3 162 160 196 193
1 3 160 159 198 196
1 3 159 158 199 198
1 3 198 199 200 201
1 3 196 198 201 197
1 3 197 201 202 203
1 3 201 200 204 202
1 3 202 204 205 206
1 3 203 202 206 207
1 3 208 203 207 209
1 3 195 197 203 208
1 3 192 195 208 190
1 3 190 208 209 191
1 3 191 209 210 211
1 3 211 210 212 213
1 3 210 214 215 212
1 3 209 207 214 210
1 3 207 206 216 214
1 3 206 205 217 216
1 3 216 217 218 219
1 3 214 216 219 215
1 3 215 219 220 221
1 3 219 218 222 220
1 3 220 222 2 223
1 3 221 220 223 224
1 3 225 221 224 226
1 3 212 215 221 225
1 3 213 212 225 227

boundary
74
13 1 19 16
13 1 16 15
13 1 15 14
13 1 14 13
13 1 20 19
13 1 13 12
13 1 12 11
13 1 11 10
13 1 10 9
13 1 9 8
13 1 6 5
13 1 8 6
13 1 5 4
13 1 4 3
13 1 3 0
13 1 0 35
13 1 35 40
13 1 40 41
13 1 41 43
13 1 18 20
13 1 17 18
13 1 60 7
13 1 7 17
13 1 62 60
13 1 65 62
13 1 67 65
13 1 75 67
13 1 77 75
13 1 80 77
13 1 82 80
13 1 43 100
13 1 100 101
13 1 101 102
13 1 102 105
13 1 105 106
13 1 106 108
13 1 108 124
13 1 124 125
13 1 125 126
13 1 126 131
13 1 131 132
13 1 132 1
13 1 1 134
13 1 134 135
13 1 135 139
13 1 139 140
13 1 140 152
13 1 152 153
13 1 153 157
13 1 157 158
13 1 176 82
13 1 180 176
13 1 182 180
13 1 183 184
13 1 184 182
13 1 186 183
13 1 189 186
13 1 191 189
13 1 158 199
13 1 199 200
13 1 200 204
13 1 204 205
13 1 211 191
13 1 213 211
13 1 205 217
13 1 217 218
13 1 218 222
13 1 222 2
13 1 2 223
13 1 223 224
13 1 224 226
13 1 226 225
13 1 225 227
13 1 227 213

vertices
228
2
0.5 0.5
0.75 0.5
0.75 0.75
0.484375 0.5
0.46875 0.5
0.453125 0.5
0.4375 0.5
0.5 0.625
0.4375 0.515625
0.4375 0.53125
0.4375 0.546875
0.4375 0.5625
0.453125 0.5625
0.46875 0.5625
0.46875 0.578125
0.46875 0.59375
0.484375 0.59375
0.5 0.609375
0.5 0.59375
0.484375 0.578125
0.5 0.578125
0.484375 0.5625
0.5 0.5625
0.484375 0.546875
0.5 0.546875
0.484375 0.53125
0.5 0.53125
0.46875 0.53125
0.46875 0.546875
0.453125 0.546875
0.453125 0.53125
0.453125 0.515625
0.46875 0.515625
0.484375 0.515625
0.5 0.515625
0.515625 0.5
0.515625 0.515625
0.515625 0.53125
0.53125 0.515625
0.53125 0.53125
0.53125 0.5
0.546875 0.5
0.546875 0.515625
0.5625 0.5
0.5625 0.515625
0.5625 0.53125
0.546875 0.53125
0.546875 0.546875
0.53125 0.546875
0.5625 0.546875
0.5625 0.5625
0.546875 0.5625
0.53125 0.5625
0.515625 0.546875
0.515625 0.5625
0.515625 0.578125
0.53125 0.578125
0.53125 0.59375
0.515625 0.59375
0.515625 0.609375
0.515625 0.625
0.53125 0.609375
0.53125 0.625
0.546875 0.59375
0.546875 0.609375
0.546875 0.625
0.5625 0.609375
0.5625 0.625
0.5625 0.59375
0.546875 0.578125
0.5625 0.578125
0.59375 0.5625
0.59375 0.59375
0.578125 0.59375
0.578125 0.609375
0.578125 0.625
0.59375 0.609375
0.59375 0.625
0.609375 0.59375
0.609375 0.609375
0.609375 0.625
0.625 0.609375
0.625 0.625
0.625 0.59375
0.609375 0.578125
0.625 0.578125
0.59375 0.578125
0.609375 0.5625
0.625 0.5625
0.609375 0.546875
0.625 0.546875
0.609375 0.53125
0.625 0.53125
0.59375 0.53125
0.59375 0.546875
0.578125 0.546875
0.578125 0.5625
0.578125 0.53125
0.578125 0.515625
0.59375 0.515625
0.578125 0.5
0.59375 0.5
0.609375 0.5
0.609375 0.515625
0.625 0.515625
0.625 0.5
0.640625 0.5
0.640625 0.515625
0.65625 0.5
0.65625 0.515625
0.65625 0.53125
0.640625 0.53125
0.640625 0.546875
0.640625 0.5625
0.65625 0.546875
0.65625 0.5625
0.671875 0.53125
0.671875 0.546875
0.671875 0.5625
0.6875 0.546875
0.6875 0.5625
0.6875 0.53125
0.671875 0.515625
0.6875 0.515625
0.671875 0.5
0.6875 0.5
0.703125 0.5
0.703125 0.515625
0.703125 0.53125
0.71875 0.515625
0.71875 0.53125
0.71875 0.5
0.734375 0.5
0.734375 0.515625
0.75 0.515625
0.75 0.53125
0.734375 0.53125
0.734375 0.546875
0.71875 0.546875
0.75 0.546875
0.75 0.5625
0.734375 0.5625
0.71875 0.5625
0.703125 0.546875
0.703125 0.5625
0.703125 0.578125
0.6875 0.578125
0.703125 0.59375
0.6875 0.59375
0.71875 0.578125
0.71875 0.59375
0.734375 0.578125
0.75 0.578125
0.75 0.59375
0.734375 0.59375
0.734375 0.609375
0.71875 0.609375
0.75 0.609375
0.75 0.625
0.734375 0.625
0.71875 0.625
0.703125 0.609375
0.703125 0.625
0.6875 0.609375
0.6875 0.625
0.65625 0.59375
0.65625 0.625
0.671875 0.578125
0.671875 0.59375
0.65625 0.578125
0.640625 0.578125
0.640625 0.59375
0.640625 0.609375
0.65625 0.609375
0.640625 0.625
0.640625 0.640625
0.625 0.640625
0.65625 0.640625
0.65625 0.65625
0.640625 0.65625
0.625 0.65625
0.640625 0.671875
0.625 0.671875
0.640625 0.6875
0.625 0.6875
0.65625 0.671875
0.65625 0.6875
0.671875 0.65625
0.671875 0.671875
0.671875 0.6875
0.6875 0.671875
0.6875 0.6875
0.6875 0.65625
0.703125 0.640625
0.6875 0.640625
0.703125 0.65625
0.71875 0.640625
0.71875 0.65625
0.734375 0.640625
0.75 0.640625
0.75 0.65625
0.734375 0.65625
0.734375 0.671875
0.71875 0.671875
0.75 0.671875
0.75 0.6875
0.734375 0.6875
0.71875 0.6875
0.703125 0.671875
0.703125 0.6875
0.703125 0.703125
0.6875 0.703125
0.703125 0.71875
0.6875 0.71875
0.71875 0.703125
0.71875 0.71875
0.734375 0.703125
0.75 0.703125
0.75 0.71875
0.734375 0.71875
0.734375 0.734375
0.71875 0.734375
0.75 0.734375
0.734375 0.75
0.71875 0.75
0.703125 0.734375
0.703125 0.75
0.6875 0.734375
